1749871672782 0.50814 0
1749871736749 0.47439 1
1749871799888 0.49011 2
1749871861743 0.51739 3
1749871926395 0.52649 4
1749871991285 0.52915 5
1749872056641 0.46779 6
1749872122554 0.50511 7
1749872191150 0.48061 8
1749872256816 0.50587 9
1749872323043 0.51272 10
1749872389803 0.47194 11
1749872455121 0.48721 12
1749872520233 0.43926 13
1749872586694 0.44341 14
1749872654212 0.48926 15
1749872719986 0.44953 16
1749872787449 0.42496 17
1749872851913 0.45981 18
1749872916685 0.42433 19
1749872980929 0.41612 20
1749873045890 0.42494 21
1749873110734 0.40858 22
1749873176928 0.41072 23
1749873244119 0.38669 24
1749873309696 0.41394 25
1749873376146 0.40117 26
1749873440651 0.36659 27
1749873505154 0.37249 28
1749873570374 0.38388 29
1749873635702 0.36575 30
1749873701081 0.36321 31
1749873765648 0.3952 32
1749873830513 0.36788 33
1749873895567 0.35376 34
1749873959845 0.37286 35
1749874023926 0.34983 36
1749874088423 0.35845 37
1749874152933 0.36257 38
1749874217807 0.35154 39
1749874283901 0.37338 40
1749874347688 0.34476 41
1749874411830 0.35902 42
1749874475633 0.35681 43
1749874539370 0.33277 44
1749874604276 0.34606 45
1749874668980 0.35091 46
1749874733017 0.3294 47
1749874796793 0.34485 48
1749874859827 0.29943 49
1749874922955 0.3063 50
1749874985825 0.33571 51
1749875049155 0.33736 52
1749875112577 0.33049 53
1749875175839 0.36287 54
1749875239373 0.32374 55
1749875302544 0.32795 56
1749875366639 0.32996 57
1749875429794 0.29591 58
1749875494071 0.31363 59
1749875557712 0.31692 60
1749875621490 0.33064 61
1749875685353 0.31821 62
1749875748992 0.30137 63
1749875812910 0.31059 64
1749875875833 0.31635 65
1749875939351 0.31081 66
1749876003508 0.29879 67
1749876068866 0.31839 68
1749876132222 0.30994 69
1749876196089 0.29101 70
1749876260017 0.32078 71
1749876324374 0.30687 72
1749876388434 0.31405 73
1749876452449 0.29946 74
1749876516605 0.30311 75
1749876581463 0.28774 76
1749876646595 0.29566 77
1749876711149 0.294 78
1749876777004 0.28923 79
1749876840825 0.29056 80
1749876906438 0.28098 81
1749876970471 0.27748 82
1749877034703 0.29269 83
1749877098467 0.28881 84
1749877163552 0.27124 85
1749877227679 0.271 86
1749877293637 0.2888 87
1749877358431 0.28378 88
1749877422983 0.28147 89
1749877488000 0.28642 90
1749877551819 0.27196 91
1749877616280 0.27387 92
1749877679251 0.2669 93
1749877742106 0.2629 94
1749877805797 0.25232 95
1749877869805 0.28683 96
1749877934714 0.24969 97
1749878000723 0.27871 98
1749878064325 0.26407 99
1749878128099 0.25524 100
1749878192222 0.26934 101
1749878255412 0.24762 102
1749878319013 0.25417 103
