1749871672782 3.09539 0
1749871736749 2.42957 1
1749871799888 2.00345 2
1749871861743 1.618 3
1749871926395 1.42981 4
1749871991285 1.36419 5
1749872056641 1.25111 6
1749872122554 1.2709 7
1749872191150 1.15949 8
1749872256816 1.13288 9
1749872323043 1.07739 10
1749872389803 1.00261 11
1749872455121 0.97813 12
1749872520233 0.8985 13
1749872586694 0.9133 14
1749872654212 0.90417 15
1749872719986 0.85307 16
1749872787449 0.81796 17
1749872851913 0.82482 18
1749872916685 0.80353 19
1749872980929 0.7568 20
1749873045890 0.7641 21
1749873110734 0.75534 22
1749873176928 0.73224 23
1749873244119 0.66088 24
1749873309696 0.69339 25
1749873376146 0.68948 26
1749873440651 0.65841 27
1749873505154 0.62564 28
1749873570374 0.65365 29
1749873635702 0.60328 30
1749873701081 0.57905 31
1749873765648 0.61601 32
1749873830513 0.59181 33
1749873895567 0.56229 34
1749873959845 0.57148 35
1749874023926 0.52139 36
1749874088423 0.54445 37
1749874152933 0.54666 38
1749874217807 0.52234 39
1749874283901 0.53666 40
1749874347688 0.51992 41
1749874411830 0.50759 42
1749874475633 0.51351 43
1749874539370 0.48829 44
1749874604276 0.49083 45
1749874668980 0.47192 46
1749874733017 0.46482 47
1749874796793 0.48032 48
1749874859827 0.43207 49
1749874922955 0.43438 50
1749874985825 0.4459 51
1749875049155 0.45353 52
1749875112577 0.42681 53
1749875175839 0.44854 54
1749875239373 0.43561 55
1749875302544 0.42043 56
1749875366639 0.41623 57
1749875429794 0.41826 58
1749875494071 0.407 59
1749875557712 0.43838 60
1749875621490 0.43933 61
1749875685353 0.38844 62
1749875748992 0.37714 63
1749875812910 0.3975 64
1749875875833 0.38885 65
1749875939351 0.38308 66
1749876003508 0.37228 67
1749876068866 0.38138 68
1749876132222 0.39466 69
1749876196089 0.37287 70
1749876260017 0.38241 71
1749876324374 0.36674 72
1749876388434 0.37824 73
1749876452449 0.35773 74
1749876516605 0.35907 75
1749876581463 0.35047 76
1749876646595 0.37337 77
1749876711149 0.33195 78
1749876777004 0.34406 79
1749876840825 0.34936 80
1749876906438 0.32866 81
1749876970471 0.32104 82
1749877034703 0.35377 83
1749877098467 0.32888 84
1749877163552 0.33315 85
1749877227679 0.31779 86
1749877293637 0.32458 87
1749877358431 0.3179 88
1749877422983 0.34422 89
1749877488000 0.30994 90
1749877551819 0.30977 91
1749877616280 0.3065 92
1749877679251 0.30434 93
1749877742106 0.30211 94
1749877805797 0.27478 95
1749877869805 0.30718 96
1749877934714 0.28384 97
1749878000723 0.30888 98
1749878064325 0.29476 99
1749878128099 0.29571 100
1749878192222 0.30302 101
1749878255412 0.27632 102
1749878319013 0.28621 103
