1749871672782 1.05716 0
1749871736749 1.00372 1
1749871799888 0.99782 2
1749871861743 0.99797 3
1749871926395 1.01772 4
1749871991285 0.98724 5
1749872056641 0.97755 6
1749872122554 1.01493 7
1749872191150 0.98184 8
1749872256816 0.99024 9
1749872323043 1.00124 10
1749872389803 0.97244 11
1749872455121 0.95752 12
1749872520233 0.96449 13
1749872586694 0.96667 14
1749872654212 0.97772 15
1749872719986 0.96014 16
1749872787449 0.96092 17
1749872851913 0.94751 18
1749872916685 0.95282 19
1749872980929 0.92847 20
1749873045890 0.96549 21
1749873110734 0.94055 22
1749873176928 0.9422 23
1749873244119 0.93737 24
1749873309696 0.94969 25
1749873376146 0.94116 26
1749873440651 0.92766 27
1749873505154 0.92973 28
1749873570374 0.94757 29
1749873635702 0.93469 30
1749873701081 0.92803 31
1749873765648 0.94299 32
1749873830513 0.9233 33
1749873895567 0.92412 34
1749873959845 0.93162 35
1749874023926 0.91626 36
1749874088423 0.92479 37
1749874152933 0.93082 38
1749874217807 0.90829 39
1749874283901 0.91809 40
1749874347688 0.91819 41
1749874411830 0.93513 42
1749874475633 0.92317 43
1749874539370 0.90409 44
1749874604276 0.91801 45
1749874668980 0.91323 46
1749874733017 0.92356 47
1749874796793 0.90769 48
1749874859827 0.89241 49
1749874922955 0.89714 50
1749874985825 0.89676 51
1749875049155 0.90595 52
1749875112577 0.91474 53
1749875175839 0.91468 54
1749875239373 0.90679 55
1749875302544 0.92004 56
1749875366639 0.90551 57
1749875429794 0.8962 58
1749875494071 0.91114 59
1749875557712 0.91367 60
1749875621490 0.91138 61
1749875685353 0.90271 62
1749875748992 0.89626 63
1749875812910 0.90199 64
1749875875833 0.91342 65
1749875939351 0.8904 66
1749876003508 0.89745 67
1749876068866 0.90659 68
1749876132222 0.89862 69
1749876196089 0.8985 70
1749876260017 0.90491 71
1749876324374 0.89523 72
1749876388434 0.89552 73
1749876452449 0.90218 74
1749876516605 0.89543 75
1749876581463 0.89921 76
1749876646595 0.8975 77
1749876711149 0.88261 78
1749876777004 0.89939 79
1749876840825 0.89532 80
1749876906438 0.88088 81
1749876970471 0.88256 82
1749877034703 0.8976 83
1749877098467 0.88841 84
1749877163552 0.88466 85
1749877227679 0.8858 86
1749877293637 0.89691 87
1749877358431 0.89001 88
1749877422983 0.89888 89
1749877488000 0.89346 90
1749877551819 0.88674 91
1749877616280 0.88708 92
1749877679251 0.88516 93
1749877742106 0.8789 94
1749877805797 0.88257 95
1749877869805 0.89614 96
1749877934714 0.89601 97
1749878000723 0.88353 98
1749878064325 0.88515 99
1749878128099 0.87389 100
1749878192222 0.89036 101
1749878255412 0.88016 102
1749878319013 0.87049 103
