1749871672782 2.31854 0
1749871736749 0.65705 1
1749871799888 0.52992 2
1749871861743 0.48176 3
1749871926395 0.47463 4
1749871991285 0.42962 5
1749872056641 0.39768 6
1749872122554 0.39589 7
1749872191150 0.40628 8
1749872256816 0.38179 9
1749872323043 0.38928 10
1749872389803 0.36128 11
1749872455121 0.3856 12
1749872520233 0.34513 13
1749872586694 0.35946 14
1749872654212 0.37526 15
1749872719986 0.32511 16
1749872787449 0.37021 17
1749872851913 0.38101 18
1749872916685 0.32885 19
1749872980929 0.34691 20
1749873045890 0.30539 21
1749873110734 0.36486 22
1749873176928 0.33267 23
1749873244119 0.29387 24
1749873309696 0.36192 25
1749873376146 0.31099 26
1749873440651 0.2985 27
1749873505154 0.30801 28
1749873570374 0.3515 29
1749873635702 0.29743 30
1749873701081 0.29712 31
1749873765648 0.2715 32
1749873830513 0.29154 33
1749873895567 0.26617 34
1749873959845 0.34291 35
1749874023926 0.30606 36
1749874088423 0.32674 37
1749874152933 0.3031 38
1749874217807 0.29035 39
1749874283901 0.31348 40
1749874347688 0.30272 41
1749874411830 0.28824 42
1749874475633 0.28804 43
1749874539370 0.26956 44
1749874604276 0.27503 45
1749874668980 0.30128 46
1749874733017 0.26599 47
1749874796793 0.26932 48
1749874859827 0.23633 49
1749874922955 0.30912 50
1749874985825 0.2845 51
1749875049155 0.31438 52
1749875112577 0.28492 53
1749875175839 0.28943 54
1749875239373 0.27292 55
1749875302544 0.25366 56
1749875366639 0.27263 57
1749875429794 0.2384 58
1749875494071 0.2853 59
1749875557712 0.30396 60
1749875621490 0.27089 61
1749875685353 0.2698 62
1749875748992 0.2623 63
1749875812910 0.24745 64
1749875875833 0.27035 65
1749875939351 0.24476 66
1749876003508 0.24006 67
1749876068866 0.28965 68
1749876132222 0.28249 69
1749876196089 0.26883 70
1749876260017 0.30315 71
1749876324374 0.27074 72
1749876388434 0.30775 73
1749876452449 0.25639 74
1749876516605 0.26358 75
1749876581463 0.25773 76
1749876646595 0.27242 77
1749876711149 0.26856 78
1749876777004 0.27733 79
1749876840825 0.28719 80
1749876906438 0.25559 81
1749876970471 0.23242 82
1749877034703 0.25016 83
1749877098467 0.28385 84
1749877163552 0.24259 85
1749877227679 0.26624 86
1749877293637 0.26867 87
1749877358431 0.28802 88
1749877422983 0.25614 89
1749877488000 0.26939 90
1749877551819 0.26095 91
1749877616280 0.2525 92
1749877679251 0.24969 93
1749877742106 0.24921 94
1749877805797 0.27852 95
1749877869805 0.25664 96
1749877934714 0.21418 97
1749878000723 0.25346 98
1749878064325 0.26787 99
1749878128099 0.23912 100
1749878192222 0.25699 101
1749878255412 0.22667 102
1749878319013 0.26936 103
