1749040746974 0.51882 0
1749040811893 0.48587 1
1749040875795 0.49061 2
1749040939433 0.5257 3
1749041002814 0.50469 4
1749041067469 0.5298 5
1749041132625 0.47592 6
1749041198491 0.47584 7
1749041263648 0.50713 8
1749041328304 0.53413 9
1749041392773 0.50764 10
1749041458409 0.45612 11
1749041523210 0.49033 12
1749041588395 0.44276 13
1749041652632 0.48614 14
1749041721051 0.46779 15
1749041786735 0.43226 16
1749041851704 0.43189 17
1749041917943 0.43453 18
1749041983587 0.43901 19
1749042048406 0.39504 20
1749042114165 0.40526 21
1749042179025 0.4249 22
1749042243206 0.3996 23
1749042307215 0.40813 24
1749042371801 0.40159 25
1749042436758 0.37702 26
1749042501940 0.37086 27
1749042567382 0.39727 28
1749042632015 0.38914 29
1749042696539 0.35888 30
1749042761907 0.35147 31
1749042828175 0.37869 32
1749042893462 0.3637 33
1749042959548 0.36677 34
1749043026254 0.37383 35
1749043092165 0.37156 36
1749043156676 0.35545 37
1749043221398 0.35518 38
1749043285588 0.35781 39
1749043349263 0.3834 40
1749043413444 0.34782 41
1749043478489 0.3538 42
1749043542939 0.34157 43
1749043606887 0.33432 44
1749043672749 0.34366 45
1749043738072 0.34328 46
1749043803148 0.34767 47
1749043867207 0.33062 48
1749043933358 0.31335 49
1749043996466 0.32644 50
1749044059476 0.32567 51
1749044122700 0.33107 52
1749044185807 0.32309 53
1749044249734 0.33563 54
1749044314470 0.31427 55
1749044378916 0.33282 56
1749044445197 0.32585 57
1749044511771 0.30071 58
1749044578482 0.32163 59
1749044645202 0.32481 60
1749044712407 0.32477 61
1749044779989 0.30817 62
1749044848550 0.30182 63
1749044913159 0.31464 64
1749044977472 0.30222 65
1749045041413 0.30778 66
1749045107167 0.30521 67
1749045171807 0.29399 68
1749045235930 0.29384 69
1749045300109 0.31317 70
1749045363274 0.32477 71
1749045428082 0.3028 72
1749045490858 0.29429 73
1749045555519 0.29303 74
1749045618391 0.29398 75
1749045683073 0.29492 76
1749045747054 0.29962 77
1749045809856 0.28736 78
1749045872461 0.30178 79
1749045935051 0.29269 80
1749045997683 0.29736 81
1749046060406 0.28153 82
1749046123767 0.28777 83
1749046187325 0.29113 84
1749046251086 0.2714 85
1749046314328 0.26759 86
1749046377865 0.28439 87
1749046441433 0.28399 88
1749046504612 0.2662 89
1749046567753 0.27823 90
1749046631016 0.26939 91
1749046694586 0.25943 92
1749046758030 0.25607 93
1749046821706 0.25785 94
1749046885249 0.25122 95
1749046948987 0.2801 96
