1749040746974 3.10631 0
1749040811893 2.45001 1
1749040875795 2.00963 2
1749040939433 1.6554 3
1749041002814 1.43832 4
1749041067469 1.39443 5
1749041132625 1.27459 6
1749041198491 1.22331 7
1749041263648 1.15674 8
1749041328304 1.21416 9
1749041392773 1.05492 10
1749041458409 0.96555 11
1749041523210 0.98418 12
1749041588395 0.90783 13
1749041652632 0.88509 14
1749041721051 0.85893 15
1749041786735 0.8101 16
1749041851704 0.81643 17
1749041917943 0.80158 18
1749041983587 0.79232 19
1749042048406 0.74294 20
1749042114165 0.73423 21
1749042179025 0.76751 22
1749042243206 0.7295 23
1749042307215 0.66908 24
1749042371801 0.71163 25
1749042436758 0.65181 26
1749042501940 0.62992 27
1749042567382 0.61777 28
1749042632015 0.63892 29
1749042696539 0.56003 30
1749042761907 0.56659 31
1749042828175 0.58689 32
1749042893462 0.55697 33
1749042959548 0.57055 34
1749043026254 0.55713 35
1749043092165 0.55808 36
1749043156676 0.55454 37
1749043221398 0.53114 38
1749043285588 0.51922 39
1749043349263 0.53829 40
1749043413444 0.50928 41
1749043478489 0.46748 42
1749043542939 0.4791 43
1749043606887 0.49492 44
1749043672749 0.47239 45
1749043738072 0.47552 46
1749043803148 0.45548 47
1749043867207 0.47107 48
1749043933358 0.43611 49
1749043996466 0.43997 50
1749044059476 0.44256 51
1749044122700 0.46236 52
1749044185807 0.43091 53
1749044249734 0.44692 54
1749044314470 0.41517 55
1749044378916 0.43154 56
1749044445197 0.43644 57
1749044511771 0.38909 58
1749044578482 0.41133 59
1749044645202 0.41296 60
1749044712407 0.42788 61
1749044779989 0.40518 62
1749044848550 0.35503 63
1749044913159 0.38149 64
1749044977472 0.37043 65
1749045041413 0.36866 66
1749045107167 0.38372 67
1749045171807 0.35408 68
1749045235930 0.35599 69
1749045300109 0.3681 70
1749045363274 0.37837 71
1749045428082 0.35633 72
1749045490858 0.34696 73
1749045555519 0.35436 74
1749045618391 0.35031 75
1749045683073 0.36437 76
1749045747054 0.34563 77
1749045809856 0.33922 78
1749045872461 0.34314 79
1749045935051 0.3379 80
1749045997683 0.34048 81
1749046060406 0.31949 82
1749046123767 0.3397 83
1749046187325 0.34174 84
1749046251086 0.32684 85
1749046314328 0.29821 86
1749046377865 0.32632 87
1749046441433 0.31815 88
1749046504612 0.31009 89
1749046567753 0.31272 90
1749046631016 0.30303 91
1749046694586 0.29286 92
1749046758030 0.29469 93
1749046821706 0.29075 94
1749046885249 0.27699 95
1749046948987 0.30842 96
