1749040746974 1.05327 0
1749040811893 1.00922 1
1749040875795 0.99818 2
1749040939433 1.00915 3
1749041002814 1.00412 4
1749041067469 0.9843 5
1749041132625 0.97586 6
1749041198491 0.99111 7
1749041263648 0.9743 8
1749041328304 1.01396 9
1749041392773 0.99161 10
1749041458409 0.96999 11
1749041523210 0.96603 12
1749041588395 0.96806 13
1749041652632 0.97692 14
1749041721051 0.98057 15
1749041786735 0.96346 16
1749041851704 0.95797 17
1749041917943 0.95371 18
1749041983587 0.9638 19
1749042048406 0.92528 20
1749042114165 0.94754 21
1749042179025 0.94697 22
1749042243206 0.93908 23
1749042307215 0.94449 24
1749042371801 0.94787 25
1749042436758 0.92915 26
1749042501940 0.92919 27
1749042567382 0.94509 28
1749042632015 0.93958 29
1749042696539 0.92937 30
1749042761907 0.92896 31
1749042828175 0.9359 32
1749042893462 0.91993 33
1749042959548 0.91312 34
1749043026254 0.93195 35
1749043092165 0.92725 36
1749043156676 0.92522 37
1749043221398 0.93399 38
1749043285588 0.90483 39
1749043349263 0.92788 40
1749043413444 0.92483 41
1749043478489 0.92119 42
1749043542939 0.91134 43
1749043606887 0.91157 44
1749043672749 0.9113 45
1749043738072 0.90682 46
1749043803148 0.91629 47
1749043867207 0.9027 48
1749043933358 0.90915 49
1749043996466 0.89421 50
1749044059476 0.9094 51
1749044122700 0.90012 52
1749044185807 0.91017 53
1749044249734 0.9045 54
1749044314470 0.90394 55
1749044378916 0.92274 56
1749044445197 0.91047 57
1749044511771 0.89521 58
1749044578482 0.91357 59
1749044645202 0.91395 60
1749044712407 0.91717 61
1749044779989 0.89574 62
1749044848550 0.89126 63
1749044913159 0.89863 64
1749044977472 0.90832 65
1749045041413 0.89755 66
1749045107167 0.89911 67
1749045171807 0.90055 68
1749045235930 0.89252 69
1749045300109 0.89833 70
1749045363274 0.91144 71
1749045428082 0.88731 72
1749045490858 0.88513 73
1749045555519 0.89339 74
1749045618391 0.90799 75
1749045683073 0.89404 76
1749045747054 0.90124 77
1749045809856 0.89233 78
1749045872461 0.90245 79
1749045935051 0.88861 80
1749045997683 0.89037 81
1749046060406 0.88421 82
1749046123767 0.89533 83
1749046187325 0.8856 84
1749046251086 0.89081 85
1749046314328 0.8821 86
1749046377865 0.89458 87
1749046441433 0.89708 88
1749046504612 0.89549 89
1749046567753 0.89437 90
1749046631016 0.87473 91
1749046694586 0.87848 92
1749046758030 0.88117 93
1749046821706 0.88612 94
1749046885249 0.88399 95
1749046948987 0.89548 96
