1749040746974 2.30955 0
1749040811893 0.6616 1
1749040875795 0.53369 2
1749040939433 0.4828 3
1749041002814 0.46836 4
1749041067469 0.45053 5
1749041132625 0.44021 6
1749041198491 0.48363 7
1749041263648 0.41158 8
1749041328304 0.44022 9
1749041392773 0.41383 10
1749041458409 0.34441 11
1749041523210 0.3778 12
1749041588395 0.3658 13
1749041652632 0.39633 14
1749041721051 0.38974 15
1749041786735 0.3589 16
1749041851704 0.34 17
1749041917943 0.34708 18
1749041983587 0.35799 19
1749042048406 0.30017 20
1749042114165 0.28699 21
1749042179025 0.31196 22
1749042243206 0.3374 23
1749042307215 0.28986 24
1749042371801 0.34711 25
1749042436758 0.30932 26
1749042501940 0.31831 27
1749042567382 0.35525 28
1749042632015 0.3398 29
1749042696539 0.33535 30
1749042761907 0.31554 31
1749042828175 0.31524 32
1749042893462 0.32303 33
1749042959548 0.29487 34
1749043026254 0.35294 35
1749043092165 0.31972 36
1749043156676 0.31251 37
1749043221398 0.29287 38
1749043285588 0.28421 39
1749043349263 0.30546 40
1749043413444 0.32297 41
1749043478489 0.2897 42
1749043542939 0.26608 43
1749043606887 0.26501 44
1749043672749 0.28539 45
1749043738072 0.3177 46
1749043803148 0.28481 47
1749043867207 0.28019 48
1749043933358 0.26894 49
1749043996466 0.26542 50
1749044059476 0.29392 51
1749044122700 0.28874 52
1749044185807 0.29304 53
1749044249734 0.30398 54
1749044314470 0.30027 55
1749044378916 0.27862 56
1749044445197 0.30155 57
1749044511771 0.25215 58
1749044578482 0.27731 59
1749044645202 0.29527 60
1749044712407 0.30134 61
1749044779989 0.25095 62
1749044848550 0.26501 63
1749044913159 0.25797 64
1749044977472 0.27531 65
1749045041413 0.26136 66
1749045107167 0.25703 67
1749045171807 0.25012 68
1749045235930 0.28459 69
1749045300109 0.3274 70
1749045363274 0.33034 71
1749045428082 0.25576 72
1749045490858 0.2867 73
1749045555519 0.25554 74
1749045618391 0.2764 75
1749045683073 0.2603 76
1749045747054 0.27252 77
1749045809856 0.28163 78
1749045872461 0.28038 79
1749045935051 0.26012 80
1749045997683 0.3006 81
1749046060406 0.22498 82
1749046123767 0.24523 83
1749046187325 0.26487 84
1749046251086 0.24256 85
1749046314328 0.2463 86
1749046377865 0.28353 87
1749046441433 0.26705 88
1749046504612 0.26293 89
1749046567753 0.25244 90
1749046631016 0.24987 91
1749046694586 0.26015 92
1749046758030 0.22812 93
1749046821706 0.24993 94
1749046885249 0.24898 95
1749046948987 0.25362 96
