1749881357122 0.51783 0
1749881419957 0.46829 1
1749881480904 0.48073 2
1749881543942 0.52236 3
1749881608696 0.50508 4
1749881673685 0.49926 5
1749881738748 0.48434 6
1749881803722 0.5083 7
1749881868505 0.50501 8
1749881933360 0.50384 9
1749881998235 0.49411 10
1749882062373 0.48091 11
1749882127012 0.47388 12
1749882193421 0.44733 13
1749882257770 0.47037 14
1749882324231 0.49106 15
1749882389314 0.44659 16
1749882453872 0.43933 17
1749882519167 0.43438 18
1749882587251 0.42195 19
1749882653569 0.39919 20
1749882718617 0.41981 21
1749882784281 0.42127 22
1749882848592 0.41503 23
1749882912247 0.41259 24
1749882978997 0.41264 25
1749883046727 0.36998 26
1749883112757 0.37324 27
1749883177606 0.38635 28
1749883245254 0.38284 29
1749883314380 0.37877 30
1749883382651 0.37702 31
1749883449925 0.39626 32
1749883517573 0.36667 33
1749883583518 0.35198 34
1749883649542 0.37934 35
1749883713469 0.35667 36
1749883778136 0.35974 37
1749883842661 0.36033 38
1749883906599 0.34435 39
1749883970814 0.37508 40
1749884035115 0.35024 41
1749884099260 0.34549 42
1749884164031 0.34318 43
1749884228987 0.32916 44
1749884293434 0.35028 45
1749884357494 0.36526 46
1749884422779 0.34647 47
1749884487379 0.31947 48
1749884550820 0.31061 49
1749884615794 0.32487 50
1749884679437 0.32791 51
1749884743693 0.31968 52
1749884807856 0.32867 53
1749884872079 0.33336 54
1749884936410 0.31112 55
1749885000973 0.3254 56
1749885065117 0.33985 57
1749885130014 0.29361 58
1749885196170 0.30509 59
1749885260819 0.30377 60
1749885324745 0.32993 61
1749885392897 0.3186 62
1749885457224 0.31711 63
1749885521132 0.30248 64
1749885585310 0.31503 65
1749885650196 0.31501 66
1749885713827 0.3134 67
1749885777808 0.31017 68
1749885841966 0.31694 69
1749885905741 0.30578 70
1749885969758 0.31867 71
1749886035236 0.30421 72
1749886099817 0.31615 73
1749886164053 0.28372 74
1749886227647 0.29161 75
1749886291568 0.28496 76
1749886355385 0.29274 77
1749886419098 0.28191 78
1749886482433 0.29558 79
1749886545910 0.28367 80
1749886609179 0.28487 81
1749886672816 0.28491 82
1749886736452 0.29843 83
1749886800741 0.29081 84
1749886864969 0.27675 85
1749886929393 0.26738 86
1749886993237 0.2888 87
1749887056569 0.29263 88
1749887120390 0.28218 89
1749887184711 0.27649 90
1749887249054 0.27321 91
1749887313046 0.26994 92
1749887377835 0.27048 93
1749887441127 0.27757 94
1749887505352 0.25893 95
1749887569546 0.28669 96
1749887633646 0.25879 97
1749887698317 0.27124 98
1749887764868 0.2636 99
1749887830910 0.2496 100
1749887894031 0.27292 101
1749887956904 0.23984 102
1749888020187 0.25739 103
1749888082732 0.24686 104
1749888145311 0.24845 105
1749888207992 0.26247 106
1749888270727 0.25893 107
1749888333755 0.2476 108
1749888398528 0.26212 109
1749888463898 0.25931 110
1749888527290 0.24393 111
1749888590187 0.25178 112
1749888653342 0.25356 113
1749888717529 0.26239 114
1749888781525 0.22815 115
1749888845170 0.24794 116
1749888908764 0.23806 117
1749888973143 0.23717 118
