1749881357122 3.10519 0
1749881419957 2.43636 1
1749881480904 2.00007 2
1749881543942 1.65013 3
1749881608696 1.43914 4
1749881673685 1.37333 5
1749881738748 1.27599 6
1749881803722 1.22905 7
1749881868505 1.10375 8
1749881933360 1.09422 9
1749881998235 1.04225 10
1749882062373 1.00463 11
1749882127012 0.96769 12
1749882193421 0.91699 13
1749882257770 0.9197 14
1749882324231 0.90037 15
1749882389314 0.84276 16
1749882453872 0.83642 17
1749882519167 0.83079 18
1749882587251 0.84211 19
1749882653569 0.7531 20
1749882718617 0.78814 21
1749882784281 0.75508 22
1749882848592 0.79194 23
1749882912247 0.69653 24
1749882978997 0.74409 25
1749883046727 0.65623 26
1749883112757 0.6193 27
1749883177606 0.61387 28
1749883245254 0.61421 29
1749883314380 0.58956 30
1749883382651 0.57127 31
1749883449925 0.62878 32
1749883517573 0.56046 33
1749883583518 0.53697 34
1749883649542 0.56936 35
1749883713469 0.52759 36
1749883778136 0.56076 37
1749883842661 0.52725 38
1749883906599 0.52002 39
1749883970814 0.51299 40
1749884035115 0.50964 41
1749884099260 0.49035 42
1749884164031 0.47898 43
1749884228987 0.47442 44
1749884293434 0.47915 45
1749884357494 0.48738 46
1749884422779 0.47277 47
1749884487379 0.45787 48
1749884550820 0.45526 49
1749884615794 0.44563 50
1749884679437 0.44862 51
1749884743693 0.43704 52
1749884807856 0.43959 53
1749884872079 0.42913 54
1749884936410 0.41343 55
1749885000973 0.40879 56
1749885065117 0.4328 57
1749885130014 0.39559 58
1749885196170 0.40935 59
1749885260819 0.42879 60
1749885324745 0.43983 61
1749885392897 0.42502 62
1749885457224 0.39914 63
1749885521132 0.42623 64
1749885585310 0.39688 65
1749885650196 0.39581 66
1749885713827 0.39589 67
1749885777808 0.37634 68
1749885841966 0.3969 69
1749885905741 0.3788 70
1749885969758 0.3949 71
1749886035236 0.36187 72
1749886099817 0.37222 73
1749886164053 0.33783 74
1749886227647 0.35018 75
1749886291568 0.33433 76
1749886355385 0.35423 77
1749886419098 0.33956 78
1749886482433 0.35098 79
1749886545910 0.346 80
1749886609179 0.33576 81
1749886672816 0.33547 82
1749886736452 0.35427 83
1749886800741 0.35373 84
1749886864969 0.35065 85
1749886929393 0.31981 86
1749886993237 0.33928 87
1749887056569 0.33101 88
1749887120390 0.33302 89
1749887184711 0.31523 90
1749887249054 0.31355 91
1749887313046 0.31445 92
1749887377835 0.32002 93
1749887441127 0.30848 94
1749887505352 0.29047 95
1749887569546 0.31983 96
1749887633646 0.29679 97
1749887698317 0.30256 98
1749887764868 0.30249 99
1749887830910 0.28216 100
1749887894031 0.30845 101
1749887956904 0.26504 102
1749888020187 0.29847 103
1749888082732 0.28018 104
1749888145311 0.28962 105
1749888207992 0.28195 106
1749888270727 0.29454 107
1749888333755 0.27384 108
1749888398528 0.28948 109
1749888463898 0.28892 110
1749888527290 0.2808 111
1749888590187 0.2681 112
1749888653342 0.28745 113
1749888717529 0.28279 114
1749888781525 0.26257 115
1749888845170 0.27064 116
1749888908764 0.2652 117
1749888973143 0.2625 118
