1749881357122 1.05555 0
1749881419957 0.99877 1
1749881480904 1.00224 2
1749881543942 1.01246 3
1749881608696 0.99554 4
1749881673685 0.98161 5
1749881738748 0.98284 6
1749881803722 1.00056 7
1749881868505 0.97546 8
1749881933360 0.99797 9
1749881998235 0.99763 10
1749882062373 0.97621 11
1749882127012 0.96443 12
1749882193421 0.96583 13
1749882257770 0.97885 14
1749882324231 0.98491 15
1749882389314 0.97742 16
1749882453872 0.9544 17
1749882519167 0.94155 18
1749882587251 0.95327 19
1749882653569 0.92721 20
1749882718617 0.96001 21
1749882784281 0.94197 22
1749882848592 0.93876 23
1749882912247 0.95149 24
1749882978997 0.95119 25
1749883046727 0.92776 26
1749883112757 0.92281 27
1749883177606 0.92845 28
1749883245254 0.93519 29
1749883314380 0.93161 30
1749883382651 0.93848 31
1749883449925 0.95112 32
1749883517573 0.91343 33
1749883583518 0.90974 34
1749883649542 0.93615 35
1749883713469 0.91876 36
1749883778136 0.92529 37
1749883842661 0.93705 38
1749883906599 0.90926 39
1749883970814 0.90953 40
1749884035115 0.92111 41
1749884099260 0.92917 42
1749884164031 0.91822 43
1749884228987 0.91342 44
1749884293434 0.91759 45
1749884357494 0.91765 46
1749884422779 0.92727 47
1749884487379 0.90514 48
1749884550820 0.90328 49
1749884615794 0.89817 50
1749884679437 0.90621 51
1749884743693 0.90495 52
1749884807856 0.9209 53
1749884872079 0.90165 54
1749884936410 0.90935 55
1749885000973 0.92812 56
1749885065117 0.9089 57
1749885130014 0.90142 58
1749885196170 0.90625 59
1749885260819 0.91071 60
1749885324745 0.91211 61
1749885392897 0.91 62
1749885457224 0.89744 63
1749885521132 0.898 64
1749885585310 0.91215 65
1749885650196 0.89562 66
1749885713827 0.90546 67
1749885777808 0.90788 68
1749885841966 0.89939 69
1749885905741 0.89329 70
1749885969758 0.90715 71
1749886035236 0.90628 72
1749886099817 0.90349 73
1749886164053 0.89003 74
1749886227647 0.89377 75
1749886291568 0.89546 76
1749886355385 0.90193 77
1749886419098 0.88863 78
1749886482433 0.89568 79
1749886545910 0.89364 80
1749886609179 0.88521 81
1749886672816 0.88267 82
1749886736452 0.89856 83
1749886800741 0.88638 84
1749886864969 0.8841 85
1749886929393 0.88349 86
1749886993237 0.89593 87
1749887056569 0.89656 88
1749887120390 0.89966 89
1749887184711 0.88101 90
1749887249054 0.8778 91
1749887313046 0.88374 92
1749887377835 0.89101 93
1749887441127 0.88365 94
1749887505352 0.884 95
1749887569546 0.89618 96
1749887633646 0.89221 97
1749887698317 0.87975 98
1749887764868 0.88358 99
1749887830910 0.87041 100
1749887894031 0.8911 101
1749887956904 0.87457 102
1749888020187 0.881 103
1749888082732 0.87796 104
1749888145311 0.88902 105
1749888207992 0.8949 106
1749888270727 0.88357 107
1749888333755 0.88655 108
1749888398528 0.8814 109
1749888463898 0.88881 110
1749888527290 0.89375 111
1749888590187 0.88627 112
1749888653342 0.88628 113
1749888717529 0.88496 114
1749888781525 0.8637 115
1749888845170 0.87528 116
1749888908764 0.87963 117
1749888973143 0.87878 118
