1749881357122 2.34582 0
1749881419957 0.63416 1
1749881480904 0.5346 2
1749881543942 0.52969 3
1749881608696 0.51282 4
1749881673685 0.41635 5
1749881738748 0.37242 6
1749881803722 0.38208 7
1749881868505 0.39387 8
1749881933360 0.38889 9
1749881998235 0.38515 10
1749882062373 0.37215 11
1749882127012 0.37264 12
1749882193421 0.36604 13
1749882257770 0.37407 14
1749882324231 0.39998 15
1749882389314 0.36463 16
1749882453872 0.35765 17
1749882519167 0.34652 18
1749882587251 0.33173 19
1749882653569 0.32052 20
1749882718617 0.31623 21
1749882784281 0.31902 22
1749882848592 0.34357 23
1749882912247 0.2856 24
1749882978997 0.30771 25
1749883046727 0.29926 26
1749883112757 0.30593 27
1749883177606 0.31956 28
1749883245254 0.35011 29
1749883314380 0.33537 30
1749883382651 0.3104 31
1749883449925 0.28506 32
1749883517573 0.30423 33
1749883583518 0.27829 34
1749883649542 0.33066 35
1749883713469 0.33742 36
1749883778136 0.30505 37
1749883842661 0.28877 38
1749883906599 0.27666 39
1749883970814 0.32528 40
1749884035115 0.30918 41
1749884099260 0.28982 42
1749884164031 0.27798 43
1749884228987 0.27339 44
1749884293434 0.27886 45
1749884357494 0.3032 46
1749884422779 0.26444 47
1749884487379 0.26856 48
1749884550820 0.26119 49
1749884615794 0.28356 50
1749884679437 0.32244 51
1749884743693 0.296 52
1749884807856 0.30588 53
1749884872079 0.29733 54
1749884936410 0.28384 55
1749885000973 0.25623 56
1749885065117 0.29183 57
1749885130014 0.238 58
1749885196170 0.27069 59
1749885260819 0.2979 60
1749885324745 0.28528 61
1749885392897 0.28328 62
1749885457224 0.26229 63
1749885521132 0.25311 64
1749885585310 0.26895 65
1749885650196 0.25101 66
1749885713827 0.25432 67
1749885777808 0.29996 68
1749885841966 0.28424 69
1749885905741 0.2847 70
1749885969758 0.34089 71
1749886035236 0.26803 72
1749886099817 0.26042 73
1749886164053 0.24278 74
1749886227647 0.26125 75
1749886291568 0.25231 76
1749886355385 0.26656 77
1749886419098 0.2786 78
1749886482433 0.2785 79
1749886545910 0.26954 80
1749886609179 0.26489 81
1749886672816 0.23146 82
1749886736452 0.29152 83
1749886800741 0.30379 84
1749886864969 0.25257 85
1749886929393 0.25097 86
1749886993237 0.2669 87
1749887056569 0.27313 88
1749887120390 0.26021 89
1749887184711 0.23753 90
1749887249054 0.26087 91
1749887313046 0.27929 92
1749887377835 0.24009 93
1749887441127 0.24799 94
1749887505352 0.26402 95
1749887569546 0.24655 96
1749887633646 0.22288 97
1749887698317 0.2464 98
1749887764868 0.25848 99
1749887830910 0.2232 100
1749887894031 0.25643 101
1749887956904 0.23629 102
1749888020187 0.26631 103
1749888082732 0.23592 104
1749888145311 0.25481 105
1749888207992 0.23974 106
1749888270727 0.24573 107
1749888333755 0.24451 108
1749888398528 0.2598 109
1749888463898 0.27611 110
1749888527290 0.2444 111
1749888590187 0.24822 112
1749888653342 0.27188 113
1749888717529 0.28836 114
1749888781525 0.21486 115
1749888845170 0.24353 116
1749888908764 0.24991 117
1749888973143 0.22655 118
