11 0.3365475296880112 0.15073041168658696 0.39709047153664817 0.11022576361221778
6 0.17272545174464068 0.5411686586985389 0.2831272868803904 0.5644090305444884
12 0.4914662338301116 0.3147410358565737 0.2688818887983581 0.0929614873837982
1 0.46787229325674573 0.4169986719787516 0.21991333289137244 0.09827357237715802
2 0.4643109437362377 0.5172642762284196 0.22525535717213457 0.0996015936254981
4 0.4972534268009372 0.6195219123505976 0.2982630223425496 0.11022576361221774
7 0.4803370165785239 0.7277556440903054 0.2662108766579771 0.10092961487383806
14 0.7358638446749769 0.7337317397078352 0.19676456100807002 0.09960159362549803
9 0.47098847408719025 0.8333333333333333 0.24751379167530976 0.09960159362549803
8 0.806200497705011 0.8399734395750332 0.3409992165886463 0.10491367861885792
