11 0.3426495545527948 0.14475431606905712 0.3888635284961244 0.11155378486055775
6 0.18319052734292793 0.5365205843293491 0.26812431729283087 0.5604249667994685
12 0.4908673448575274 0.30810092961487384 0.2622955277864651 0.09561752988047814
1 0.468384871047259 0.41035856573705176 0.21899594859631846 0.09827357237715795
2 0.46630316050927106 0.5092961487383798 0.21816326438112335 0.08897742363877825
4 0.4983615027942836 0.6155378486055776 0.29060679110309934 0.11288180610889768
7 0.48378952902836886 0.7264276228419655 0.26146284357126987 0.09296148738379813
14 0.7290150304033338 0.7284196547144753 0.1890193168492938 0.10491367861885792
9 0.4746300026612225 0.8293492695883135 0.24480915926736735 0.10491367861885792
8 0.8018748992329074 0.8373173970783532 0.3330736860780508 0.1022576361221779
