11 0.3394342762063228 0.13834340270671874 0.3860232945091514 0.10907845213414365
6 0.1805324459234609 0.5500480482618095 0.259567387687188 0.5254388852803259
12 0.46381031613976703 0.2999657433688949 0.19717138103161388 0.08646462669169917
1 0.4721297836938436 0.39773728278181636 0.21547420965058245 0.09843665192593448
2 0.4712978369384359 0.5001646097858292 0.21214642262895175 0.09311575182182999
4 0.5366056572379369 0.6039221618158683 0.35108153078203 0.11439935223824811
7 0.4883527454242929 0.7163261765150772 0.259567387687188 0.11040867716016976
14 0.7375207986688852 0.7196517390801427 0.2021630615640598 0.10641800208209132
9 0.48918469217970056 0.8287301912142863 0.259567387687188 0.10641800208209147
8 0.7999168053244593 0.8300604162403125 0.32196339434276205 0.10109710197798663
