11 0.3155924342269011 0.15405046480743692 0.39073348999521085 0.10624169986719786
6 0.16442631026947796 0.5239043824701194 0.2528275523498425 0.5219123505976094
12 0.45703442155548424 0.3240371845949535 0.25105952750823507 0.09561752988047814
1 0.4468682787162423 0.4203187250996015 0.22542316730492928 0.09428950863213807
2 0.4464262725058405 0.5172642762284196 0.22277113004251844 0.09694555112881809
4 0.46454852713231515 0.6221779548472776 0.25017551508743147 0.10225763612217782
7 0.46631655197392247 0.7204515272244356 0.25371156477064594 0.09163346613545813
9 0.7169340732717556 0.7363877822045154 0.20862693130965998 0.1022576361221779
9 0.46012846502829696 0.8207171314741035 0.23603131635457303 0.10092961487383789
8 0.7845610234632345 0.8452855245683929 0.34034478200940316 0.11022576361221778
