11 0.2943174669742084 0.10823373173970782 0.3653596141748794 0.12084993359893759
6 0.1733766687635423 0.5139442231075697 0.24526455581184034 0.5099601593625498
12 0.5129412175857972 0.26693227091633465 0.3171524428601385 0.09296148738379817
1 0.4693856154330048 0.3798140770252324 0.22834975885929965 0.10092961487383796
2 0.4698084853568183 0.4913678618857902 0.23426993779268884 0.08764940239043824
4 0.5167470469001187 0.6122177954847278 0.3179981827077654 0.10624169986719792
7 0.48883763192842666 0.7357237715803453 0.26217935276438104 0.1088977423638778
14 0.7505941147689942 0.7350597609561753 0.21397218144964 0.09960159362549803
9 0.49433494093800234 0.8499335989375829 0.27148249108827854 0.10358565737051804
8 0.8042985950933109 0.844621513944223 0.3179981827077654 0.09827357237715802
