11 0.3150153146811251 0.1460823373173971 0.39114781475601357 0.09827357237715803
6 0.16913267980708738 0.5205843293492696 0.2598534433693795 0.5152722443559099
12 0.46089794955516283 0.3154050464807437 0.24891224575382687 0.102257636122178
1 0.4495008687056286 0.4169986719787516 0.22064748524698202 0.095617529880478
2 0.44995675193961 0.5146082337317397 0.21608865290716822 0.08897742363877818
4 0.467280314830902 0.6148738379814077 0.2507357786897522 0.10358565737051777
7 0.47001561423479016 0.7131474103585657 0.2507357786897523 0.09296148738379827
14 0.7230308090944493 0.7324037184594954 0.20241215588772718 0.10756972111553793
9 0.46500089866099514 0.8120849933598939 0.24435341341401312 0.10491367861885792
8 0.7905015277236924 0.8413014608233723 0.3318829943384365 0.10756972111553847
