11 0.3309417511795857 0.14541832669322707 0.4024607068036304 0.099601593625498
6 0.16524876703195424 0.554448871181939 0.2665302694063778 0.5351925630810094
12 0.46154158318871086 0.3061088977423639 0.2105589128310384 0.08632138114209831
1 0.46909327415522484 0.4037184594953519 0.22210855783864816 0.09296148738379813
2 0.4664279714611611 0.5053120849933598 0.22210855783864816 0.09163346613545821
4 0.5348374072754647 0.6108897742363878 0.3589274294672553 0.10889774236387786
7 0.4801987020471573 0.7231075697211155 0.2674187036377324 0.09960159362549803
14 0.7400657147183756 0.7250996015936255 0.211447347062393 0.10624169986719792
9 0.4864177416666394 0.8313413014608233 0.2727493090258598 0.10092961487383785
8 0.8031445451445517 0.8346613545816733 0.33227440252661755 0.09960159362549803
