11 0.3148432802067068 0.1646746347941567 0.39530322959286524 0.10889774236387781
6 0.16485543977490066 0.5411686586985391 0.2632439648394966 0.5245683930942895
12 0.4604582973023088 0.3313413014608234 0.24575267149467955 0.09428950863213807
1 0.44777710962731637 0.4329349269588314 0.2168920374757314 0.10092961487383798
2 0.44690254496007553 0.5272244355909694 0.22039029614469477 0.08764940239043831
4 0.4639565559712722 0.6314741035856574 0.24575267149467947 0.11022576361221774
7 0.4696412263083377 0.7397078353253653 0.2536237534998472 0.1035856573705179
14 0.7210785681400829 0.749003984063745 0.20377356746711853 0.10624169986719778
9 0.46133286196954965 0.8359893758300133 0.24575267149467947 0.09960159362549803
8 0.7892946121848692 0.8565737051792829 0.33845652622220984 0.1088977423638778
