11 0.3518012524896866 0.15139442231075698 0.41516917995677294 0.11686586985391764
6 0.1774301969078419 0.5610889774236388 0.2796929212340365 0.548472775564409
12 0.5030102380318375 0.31474103585657365 0.25259766948948914 0.09030544488711822
1 0.48771453140185117 0.4143426294820717 0.22725049850265464 0.09030544488711811
2 0.4859664506441384 0.5185922974767597 0.22550241774494195 0.08897742363877825
4 0.6153244267148803 0.6221779548472776 0.48421836988642575 0.1128818061088976
7 0.49732897556927114 0.7297476759628154 0.26570827517233475 0.09163346613545827
14 0.7455564431644786 0.7397078353253653 0.1905408025906874 0.10092961487383789
9 0.4986400361375557 0.8379814077025232 0.2578419117626274 0.09827357237715802
8 0.8119835119575621 0.847941567065073 0.3164026171460037 0.10491367861885792
