11 0.34068320251782225 0.14475431606905712 0.40374133565466147 0.10889774236387781
6 0.1840958920437922 0.549136786188579 0.2717001441198037 0.553784860557769
12 0.4972705129918525 0.31274900398406374 0.2666216367530784 0.08897742363877825
1 0.47399402089436143 0.4209827357237716 0.22176148834700485 0.10358565737051792
2 0.47484043878881566 0.5185922974767597 0.22345432413591318 0.0916334661354582
4 0.5103899903558928 0.6228419654714475 0.2945534272700674 0.10358565737051784
7 0.49346163246680846 0.7290836653386453 0.2623895472808072 0.10358565737051804
14 0.7427317023835756 0.7330677290836652 0.1938296978300157 0.1035856573705179
9 0.4862670803639477 0.8366533864541832 0.2564646220196277 0.09561752988047824
8 0.811714760781594 0.843293492695883 0.32671730725932774 0.1035856573705179
