11 0.33279363822791697 0.1540504648074369 0.38180975548629237 0.10889774236387784
6 0.18015572922157264 0.5544488711819389 0.2553997688725875 0.5378486055776892
12 0.47210260306751023 0.31673306772908366 0.23734119935634396 0.0916334661354582
1 0.46049352266421084 0.41832669322709165 0.21240317478629328 0.0849933598937583
2 0.45963359078248495 0.5159362549800798 0.21584290231319683 0.09428950863213814
4 0.47683222841700257 0.6208499335989376 0.24852031381878034 0.10491367861885777
7 0.4798419900030432 0.7277556440903054 0.2545398369908616 0.09827357237715802
14 0.7270724059992348 0.7304116865869852 0.19864426467867907 0.1035856573705179
9 0.47511236465355083 0.8366533864541833 0.24164085876497338 0.10092961487383789
8 0.798876718123346 0.8406374501992032 0.33193370634619124 0.1088977423638778
