11 0.3187287034584412 0.14807436918990702 0.399761424676689 0.12084993359893759
6 0.16431635135922462 0.5172642762284195 0.2602050714674845 0.5272244355909694
12 0.4605359655903748 0.30942895086321376 0.2457992543620182 0.10358565737051795
1 0.447480693838546 0.4143426294820716 0.21968871085836056 0.09827357237715802
2 0.4492814209767293 0.5106241699867197 0.21968871085836064 0.08897742363877822
4 0.4650377834358331 0.6168658698539176 0.2494007086383848 0.10756972111553771
7 0.46773887414310794 0.7118193891102257 0.25660361719111796 0.08499335989375836
14 0.7198406734887673 0.7270916334661353 0.19898034876925283 0.11022576361221788
9 0.45873523845219155 0.8140770252324036 0.2367956186711018 0.1088977423638778
8 0.786917759386095 0.839973439575033 0.3349352477020908 0.11288180610889782
