11 0.3271142235182979 0.15272244355909695 0.4201544338111471 0.11952191235059759
6 0.17218753850577073 0.5909694555112882 0.28206760586519897 0.597609561752988
12 0.5784490902369901 0.3346613545816733 0.45130816938431834 0.10624169986719785
1 0.4689900193042263 0.4402390438247012 0.22733807039881704 0.09694555112881809
2 0.46983201215755527 0.5464807436918991 0.22902205610547505 0.10225763612217798
4 0.5948679508769047 0.6547144754316069 0.47572596213085794 0.1088977423638778
7 0.48919784778412123 0.7695883134130146 0.26775372735860686 0.09960159362549803
14 0.7443216823427937 0.7715803452855247 0.1987103133856327 0.09561752988047814
9 0.4862508727974699 0.8764940239043824 0.26522774879861993 0.09827357237715788
8 0.8125231034624388 0.8771580345285526 0.33006119850494925 0.1022576361221779
