11 0.3481798932093827 0.14237967914438504 0.3885304901524055 0.09759358288770054
6 0.18927341865026176 0.5621657754010695 0.2620708873619009 0.536096256684492
12 0.47089562618043146 0.29679144385026734 0.19967305703763885 0.09090909090909087
1 0.47921533689033313 0.3977272727272727 0.21797642059942227 0.10026737967914442
2 0.47921533689033313 0.5046791443850267 0.21464853631546169 0.09491978609625669
4 0.5478529502470214 0.6109625668449198 0.3502598208868579 0.11229946524064176
7 0.4929428595616707 0.7239304812834223 0.2587430030779402 0.1029411764705881
14 0.7446141085361946 0.7252673796791445 0.19967305703763885 0.11096256684491976
9 0.49627074384563136 0.8335561497326203 0.2604069452199205 0.10026737967914429
8 0.8078439099314468 0.8362299465240642 0.3194768912602221 0.10828877005347592
