11 0.3617374610347437 0.14605263157894735 0.42013221158853375 0.11052631578947367
6 0.1955530549826642 0.5559210526315779 0.2757937117387647 0.5276315789473662
12 0.513641180924312 0.31670399402762256 0.31103936402357885 0.09919746173945468
1 0.5004433570683797 0.4177631578947368 0.22695179631679582 0.10657894736842109
2 0.49482067832435517 0.513157894736842 0.2328796417429807 0.09210526315789462
4 0.5427846402903127 0.6217105263157894 0.3675264164234679 0.1144736842105263
7 0.5054015164741996 0.7297390195346527 0.2701403844218575 0.108407988055244
14 0.755481986212739 0.7347237775289281 0.21916990808585124 0.10892123926838378
9 0.5025841287053211 0.8423618887644646 0.28284291033511116 0.11576769939031972
8 0.8108511241821563 0.839938977049325 0.33704035423165946 0.1115745925096427
