6 0.19498112256024416 0.5677631578947367 0.277884306366177 0.5328947368421052
12 0.5005220080172624 0.3217105263157894 0.22274862409540364 0.0960526315789474
1 0.5064013279846654 0.4203947368421052 0.2293537552582799 0.09868421052631575
2 0.5063680512513703 0.519736842105263 0.2328116122617637 0.09736842105263152
4 0.5407184994605422 0.6249999999999996 0.3082951157538922 0.09999999999999996
7 0.5197668817324632 0.7322368421052632 0.2660812974536439 0.1118421052631578
14 0.7772177673903435 0.7401315789473685 0.20499974174887656 0.09868421052631575
9 0.5223880050961555 0.8414473684210525 0.2577139610557305 0.09868421052631589
8 0.8354373088224321 0.8394736842105257 0.3180918900538882 0.10263157894736824
11 0.3611171190365512 0.14078947368421055 0.42268359502780506 0.11578947368421053
