11 0.349730574106452 0.11819389110225764 0.40288247489657686 0.12217795484727759
6 0.17910850602386597 0.5132802124833991 0.2581663752663204 0.5112881806108885
12 0.47256059694077385 0.2795484727755644 0.20367451059073047 0.09163346613545821
1 0.48060038025356616 0.3764940239043824 0.21975407721631462 0.09694555112881809
2 0.4783671071111239 0.47476759628154047 0.22064738647329152 0.09428950863213814
4 0.5400054458425294 0.5863213811420982 0.352857156505871 0.11022576361221775
7 0.4868535450524043 0.6905710491367861 0.25905968452329775 0.10358565737051798
14 0.7432333018047714 0.7084993359893759 0.2036745105907306 0.11022576361221781
9 0.4868535450524044 0.8014608233731739 0.26620615857911284 0.11022576361221781
8 0.8057649497931536 0.818725099601593 0.3287378065674952 0.10491367861885789
