11 0.36133440325857935 0.14807436918990702 0.41608204011593986 0.1235059760956175
6 0.19314966283276788 0.5637450199203188 0.28118386289940356 0.5458167330677292
12 0.4944806560956801 0.3180610889774237 0.21285881210141766 0.10491367861885788
1 0.5001744103288456 0.4216467463479416 0.22249439618831304 0.09960159362549803
2 0.5014883536134223 0.5166002656042498 0.22687420713690196 0.09296148738379824
4 0.5308330869689674 0.6215139442231076 0.2960752201246056 0.11420982735723763
7 0.5080580700363054 0.7377158034528551 0.2610367325358948 0.11022576361221781
14 0.763401048339035 0.7463479415670651 0.20234726582480433 0.10358565737051777
9 0.509809994415741 0.843957503320053 0.26278865691533043 0.09960159362549803
8 0.8190246473861131 0.8499335989375829 0.3048348420217832 0.09827357237715802
