11 0.29906811984471493 0.10424966799468789 0.36266306486916583 0.11022576361221777
6 0.17273762094479225 0.4920318725099601 0.29563055524879867 0.5776892430278884
12 0.5100486469190756 0.26095617529880477 0.31195898707940095 0.09163346613545813
1 0.470086958491549 0.3771580345285524 0.23375439252230584 0.09296148738379813
2 0.4696572629170595 0.49136786188579007 0.22945743677741057 0.09827357237715802
4 0.5005953442803058 0.6082337317397077 0.28789603490798704 0.10358565737051784
7 0.4902826504925571 0.7270916334661354 0.2689894296304476 0.10491367861885792
14 0.7627096447189209 0.7297476759628154 0.22773865447945255 0.09960159362549788
9 0.48684508589664083 0.8452855245683929 0.2569579535447407 0.11022576361221781
8 0.822437329572966 0.842629482071713 0.34891280648550077 0.10491367861885792
