6 0.1849448790896159 0.5677631578947369 0.26420697012802274 0.5328947368421052
12 0.4814438122332859 0.30986842105263157 0.22143060353586663 0.09868421052631579
1 0.4856375736638895 0.4144736842105263 0.2314956309693153 0.10263157894736842
2 0.48521819752082906 0.5157894736842106 0.2306568786831945 0.0921052631578948
4 0.5208651696809591 0.6217105263157895 0.30195082300345455 0.11184210526315802
7 0.504090123958545 0.7375 0.2717557407031091 0.10394736842105261
14 0.7620064519406625 0.7388157894736841 0.2155593375330217 0.10131578947368425
9 0.5036707478154847 0.8453947368421052 0.26756197927250563 0.10394736842105275
8 0.8177834789676897 0.8434210526315788 0.32711339158707586 0.10263157894736835
11 0.3472434464539728 0.14210526315789476 0.4176986384881122 0.10526315789473684
