11 0.3272746142390478 0.16998671978751662 0.38248288249799645 0.09561752988047809
6 0.16562480477684602 0.5571049136786188 0.2605830261822378 0.5378486055776892
12 0.4686077809819564 0.3320053120849934 0.24291638033937418 0.09561752988047807
1 0.457124461184095 0.43027888446215146 0.21994974074365153 0.09030544488711818
2 0.454032798161594 0.5278884462151394 0.2190664084515084 0.10225763612217798
4 0.4703744455662428 0.6347941567065074 0.2482163740922333 0.10624169986719785
7 0.47081611171231436 0.7363877822045153 0.26146635847438093 0.09428950863213799
14 0.7247741457034783 0.7456839309428952 0.20228309490078794 0.1022576361221779
9 0.46330778722909743 0.843293492695883 0.24114971575508798 0.10624169986719792
8 0.7932323983445747 0.8525896414342629 0.3374329355986943 0.10092961487383789
