11 0.33857175798414063 0.14674634794156705 0.4135227578432252 0.11288180610889773
6 0.1731626548468505 0.5571049136786188 0.28429689601721725 0.5298804780876492
12 0.49407354504810336 0.3114209827357238 0.2593132293975225 0.09428950863213817
1 0.4777049358834757 0.4096945551128817 0.22312998808624016 0.09428950863213807
2 0.4759819243924622 0.5079681274900397 0.22312998808624024 0.0836653386454183
4 0.6099460678187572 0.6162018592297476 0.49278128642984326 0.11155378486055774
7 0.49062752206607646 0.7244355909694555 0.2627592523795492 0.09163346613545827
14 0.7421871997540385 0.7324037184594953 0.195561804230025 0.09694555112881802
9 0.49235053355708996 0.8313413014608233 0.257590217906509 0.09296148738379813
8 0.8046463663032756 0.8373173970783532 0.31875712583748594 0.09694555112881816
