11 0.3163331671180687 0.1673360107095047 0.41789276287702765 0.1178045515394913
6 0.18355648249877407 0.571619812583668 0.28220248329743497 0.5354752342704153
12 0.4728348392712185 0.35207496653279774 0.25140162228857044 0.107095046854083
1 0.4607642315785554 0.4585006693440428 0.22726040690324412 0.09504685408299864
2 0.46242914298444 0.562248995983936 0.21893584987382128 0.09103078982597063
4 0.4774133456374011 0.6626506024096386 0.24723934377385895 0.1044176706827308
7 0.4811593963006413 0.7637215528781794 0.2480717994768012 0.08701472556894245
14 0.7204904108965486 0.7657295850066936 0.18896744456789896 0.09638554216867462
9 0.4761646620829877 0.8601070950468541 0.2314226854179556 0.09236947791164653
8 0.7833408164686912 0.8688085676037482 0.3080086100886459 0.09370816599732265
