11 0.34761086714739986 0.1586985391766268 0.40730162211210497 0.11553784860557767
6 0.18785031709480704 0.5756972111553784 0.2738752286615878 0.5298804780876494
12 0.5003489754394392 0.3160690571049137 0.2528079033799272 0.09296148738379817
1 0.48586518930829764 0.4169986719787516 0.22208472067750548 0.09296148738379813
2 0.48805970235847057 0.5172642762284196 0.22471813633771312 0.08632138114209816
4 0.6175359723186763 0.6175298804780877 0.48718189713840127 0.10358565737051784
7 0.5029823910996468 0.7330677290836652 0.2615859555806191 0.09030544488711811
14 0.749206755329055 0.7317397078353253 0.1939949536352914 0.09296148738379813
9 0.5104437354702349 0.8413014608233732 0.26070815036054995 0.09428950863213814
8 0.8167977572743829 0.8359893758300133 0.31337646356470145 0.09960159362549803
