12 0.5123076923076922 0.2572790845518118 0.3415384615384615 0.11354100445009535
1 0.46692307692307666 0.3841068022886205 0.24769230769230752 0.1062937062937062
2 0.47076923076923083 0.49764780673871584 0.24923076923076926 0.10629370629370627
4 0.5146153846153846 0.6148124602670059 0.33692307692307694 0.11837253655435476
7 0.48692307692307696 0.7331849968213606 0.28461538461538466 0.10870947234583596
14 0.7492307692307694 0.7343928798474253 0.22769230769230758 0.10629370629370641
9 0.49 0.8491417673235856 0.28769230769230775 0.09904640813731717
8 0.8038461538461543 0.8406865861411313 0.3246153846153848 0.10629370629370592
6 0.17384615384615387 0.512142403051494 0.2430769230769231 0.5073108709472346
11 0.29615384615384616 0.11354100445009534 0.3738461538461539 0.12561983471074378
