11 0.3208383696210302 0.1509660643165136 0.41156183958941317 0.11052631578947364
6 0.17262020410675255 0.5914765807577099 0.2819265307857101 0.6128665942529855
12 0.5804096720929269 0.3342397386524476 0.4664239794081937 0.1090689904874755
1 0.47117053362380906 0.43541810671143144 0.23310564247064192 0.10657894736842108
2 0.4700964601713888 0.5445578651130637 0.23749502635836556 0.11391576972449852
4 0.5927846402903127 0.6507912017379283 0.5075264164234677 0.1144736842105262
7 0.4869372402293804 0.7672718969092525 0.2701403844218577 0.10131578947368412
14 0.74932129560069 0.766405812843553 0.20377160378483122 0.09473684210526334
9 0.4918121601528094 0.8727432441328462 0.2828429103351112 0.10394736842105261
8 0.8122787056097377 0.867896464895823 0.33704035423165946 0.10921052631578929
