11 0.34526528034204645 0.1792828685258964 0.4117675638907784 0.10092961487383796
6 0.19449640462540074 0.5823373173970784 0.274208045865319 0.50863213811421
12 0.5470496064522398 0.33266932270916333 0.35255320182683897 0.08632138114209824
1 0.4846467787387037 0.4316069057104914 0.22410358565737049 0.09030544488711825
2 0.4882907394810999 0.5278884462151394 0.22956952677096487 0.08632138114209831
4 0.536117724225051 0.6248339973439575 0.32157953551647067 0.09428950863213799
7 0.5055995530074823 0.7310756972111554 0.25872121271013504 0.09694555112881816
14 0.7574883393256243 0.7257636122177954 0.21043873287338458 0.09428950863213814
9 0.5101545039354776 0.8313413014608233 0.25689923233893697 0.09030544488711811
8 0.8235351277815568 0.8260292164674635 0.3261344864444659 0.09296148738379813
