11 0.3147313875444425 0.18658698539176627 0.4216133218380586 0.11819389110225767
6 0.18038966776037174 0.5883134130146082 0.2576995253719596 0.5258964143426297
12 0.47399814338908003 0.36387782204515273 0.25009527708229534 0.09296148738379817
1 0.4621693127162686 0.46547144754316067 0.22474778278341398 0.09694555112881809
2 0.4651265203844715 0.5703851261620185 0.22052320040026716 0.09960159362549803
4 0.48033501696380027 0.6699867197875166 0.2492503606056659 0.09428950863213821
7 0.4887841817300939 0.7702523240371845 0.25431985946544217 0.09296148738379827
14 0.7308527522844102 0.7636122177954847 0.19095112371823889 0.09296148738379799
9 0.48498205758526197 0.8665338645418329 0.231507114596449 0.08632138114209828
8 0.7912642803634106 0.8612217795484723 0.3134640128294985 0.09163346613545839
