11 0.294007701944582 0.12616201859229748 0.3766140955423043 0.12217795484727752
6 0.17453931550486504 0.5039840637450198 0.29578418352732855 0.5590969455511287
12 0.5027442879173212 0.2735723771580345 0.31443724014616914 0.08499335989375827
1 0.4667705358667002 0.3837981407702522 0.23183084654844677 0.09296148738379813
2 0.4667705358667002 0.50066401062417 0.23005436496569998 0.09561752988047814
4 0.49785896356476766 0.6082337317397077 0.2886782571963416 0.09296148738379806
7 0.4876441944639741 0.7270916334661354 0.26291927424651435 0.09428950863213814
14 0.7669959233508955 0.7217795484727754 0.24248973604492702 0.09428950863213814
9 0.4885324352553475 0.839973439575033 0.25758982949827414 0.08897742363877825
8 0.8180697688548636 0.8260292164674634 0.3499668718011036 0.09561752988047817
