11 0.29714546071034986 0.09960159362549799 0.36274900398406357 0.1142098273572377
6 0.16722471814868187 0.4767596281540504 0.2932864287530728 0.592297476759628
12 0.5132512503178774 0.25896414342629476 0.31301036986804553 0.10092961487383793
1 0.47380336808793194 0.3771580345285524 0.2358297307225 0.10624169986719792
2 0.47080189878782747 0.4920318725099601 0.2281116668079455 0.10225763612217798
4 0.49867268514594104 0.6069057104913678 0.2907137407815545 0.10624169986719778
7 0.487953151931282 0.7297476759628154 0.2692746743522364 0.09428950863213814
14 0.764945890198073 0.7324037184594953 0.23325704275098189 0.1075697211155378
9 0.4866668079455229 0.8459495351925629 0.2598414851233364 0.10624169986719778
8 0.8211162442428867 0.847941567065073 0.3473128761549546 0.09694555112881816
