11 0.35485999487137787 0.17131474103585656 0.4146991312614534 0.11952191235059759
6 0.1915780103031099 0.5670650730411686 0.2662609634721188 0.5126162018592296
12 0.5566431292100046 0.3359893758300133 0.35068517140230293 0.09561752988047804
1 0.4917014308021707 0.4362549800796813 0.22265725168400188 0.09428950863213814
2 0.4889182151561207 0.5285524568393094 0.22636820587873516 0.08499335989375836
4 0.5353051425902877 0.6314741035856577 0.3172865836497026 0.099601593625498
7 0.5042259012093959 0.7383798140770252 0.2588390550826522 0.09827357237715788
14 0.7574985249999479 0.749003984063745 0.20688569635638515 0.10092961487383789
9 0.5056175090324209 0.8386454183266931 0.25605583943660215 0.09163346613545827
8 0.8159460535669985 0.847941567065073 0.3200697992957528 0.09163346613545813
