11 0.3095768173168973 0.17131474103585656 0.4105439194606832 0.1142098273572377
6 0.17147718587229754 0.5657370517928286 0.2611793633967354 0.5418326693227091
12 0.4660341036967307 0.3466135458167331 0.252834974789811 0.1088977423638778
1 0.455186398507729 0.4555112881806109 0.2211262980834981 0.10092961487383803
2 0.455186398507729 0.5597609561752988 0.21945742036211313 0.09694555112881809
4 0.47062351743053926 0.6626826029216468 0.24365614732219398 0.1035856573705179
7 0.47396127287330897 0.7649402390438246 0.24699390276496394 0.0876494023904381
14 0.7134452258920407 0.7662682602921648 0.1902520602378776 0.09827357237715802
9 0.46770298141811567 0.8565737051792829 0.23280844213319227 0.09030544488711825
8 0.7714387267101658 0.8652058432934928 0.30290130643135776 0.09428950863213814
