6 0.18751314301585098 0.5578947368421052 0.24401273632630385 0.5263157894736843
12 0.47164877893943286 0.29802631578947364 0.20470867141468468 0.09078947368421057
1 0.47901829111036165 0.4 0.21781002638522423 0.09736842105263165
2 0.47983712579602034 0.4993421052631579 0.22108536512785917 0.0960526315789474
4 0.546981570020037 0.605921052631579 0.3537365842045748 0.10657894736842095
9 0.49703265419485393 0.8309210526315792 0.271853115638701 0.10921052631578945
7 0.49130081139524256 0.7236842105263157 0.2669401075247485 0.10526315789473696
14 0.7443207292637928 0.7236842105263159 0.2161723570139067 0.10263157894736835
8 0.8077804174023449 0.8342105263157894 0.3250773702065189 0.1105263157894737
11 0.3467764893764755 0.13684210526315785 0.3954971531731701 0.10789473684210528
