0 0.34846035592534136 0.1387782204515272 0.4094618091209047 0.11288180610889775
6 0.18885381400270299 0.5657370517928286 0.2757599938977522 0.5391766268260292
12 0.4842512620113557 0.3014608233731739 0.21977235877305695 0.100929614873838
1 0.4913541709450857 0.41035856573705176 0.22227926780849117 0.10092961487383796
2 0.49260762546280273 0.5059760956175299 0.22311490415363586 0.0849933598937583
4 0.5268687156137356 0.6128818061088978 0.29163708445550157 0.1022576361221779
7 0.5105738068834138 0.7270916334661354 0.26406108506572623 0.1155378486055777
14 0.7629359831171143 0.7244355909694553 0.20723781359588644 0.10491367861885792
9 0.5122450795737032 0.8393094289508631 0.2590472669948581 0.09827357237715802
8 0.8193414364143817 0.8346613545816733 0.3066785386681063 0.09960159362549803
