11 0.32057796757083445 0.15471447543160688 0.39279608114448394 0.09960159362549809
6 0.1545643772216523 0.5504648074369185 0.26861615414589146 0.5458167330677285
12 0.46017029685648625 0.3247011952191235 0.24571772789083185 0.09694555112881809
1 0.44828072937789754 0.4256308100929615 0.22017717552941918 0.09428950863213814
2 0.4474000206757799 0.5245683930942896 0.22193859293365456 0.0929614873837982
4 0.46369313166495696 0.6288180610889773 0.2510019801035379 0.10756972111553771
7 0.46633525777130996 0.7350597609561751 0.25980906712471474 0.10491367861885802
14 0.7204197183322597 0.745019920318725 0.2025630014870657 0.10092961487383789
9 0.45664746204801554 0.8419654714475431 0.2510019801035379 0.10092961487383789
8 0.790436060150615 0.8565737051792827 0.34083426771954106 0.11155378486055792
