11 0.33309682163839566 0.13612217795484727 0.42189376368764286 0.10491367861885792
6 0.17239601432000193 0.5597609561752989 0.2841502145575911 0.5351925630810094
12 0.4929313173270407 0.2928286852589641 0.25296299588663607 0.08100929614873835
1 0.4825355777700557 0.3930942895086321 0.22870627025367093 0.08764940239043825
2 0.4808029545105581 0.48871181938911024 0.22350840047517834 0.09296148738379813
4 0.6168138803811124 0.594289508632138 0.4937976289567895 0.09428950863213814
7 0.5011612778096538 0.7071713147410358 0.26422504707336975 0.09163346613545827
14 0.7502258713624204 0.700531208499336 0.1923211818042232 0.08632138114209838
9 0.5028939010691513 0.8147410358565736 0.26249242381387233 0.09163346613545813
8 0.8182313342976977 0.8027888446215138 0.3214016146367875 0.09428950863213814
