11 0.31759050753507706 0.16002656042496677 0.3895894682141002 0.11022576361221778
6 0.16740862636410878 0.5371845949535192 0.2535423523298112 0.5086321381142098
12 0.4620301403083319 0.3247011952191235 0.24205785553438416 0.09694555112881809
1 0.44922050926727863 0.42363877822045154 0.21467174779144294 0.09827357237715802
2 0.4483370864368612 0.5199203187250997 0.21820543911311277 0.08632138114209831
4 0.4646804087995842 0.6221779548472776 0.24735839251688893 0.1075697211155378
7 0.46733067729083655 0.7264276228419655 0.25619262082106353 0.09296148738379813
14 0.7191061839598129 0.7390438247011951 0.1978867140135111 0.1075697211155378
9 0.458496448986662 0.8253652058432935 0.23852416421271436 0.09960159362549803
8 0.7840377619954962 0.850597609561753 0.3401177897107224 0.1235059760956176
