11 0.33899036672891386 0.14209827357237717 0.40881984302138674 0.09561752988047809
6 0.18790477256883611 0.551128818061089 0.2725465620142578 0.5498007968127491
12 0.4981169308863066 0.31341301460823373 0.27508581569762053 0.09561752988047814
1 0.47568685668326993 0.4203187250996015 0.22683999571373015 0.09428950863213807
2 0.4739940208943615 0.5205843293492696 0.23022566729154703 0.09561752988047814
4 0.5112364082503471 0.6235059760956175 0.29624626305897594 0.1022576361221779
7 0.49515446825571696 0.7304116865869854 0.2640823830697157 0.09827357237715802
14 0.7431549113308026 0.7330677290836652 0.19636895151337838 0.10092961487383803
9 0.48330461773335787 0.8386454183266931 0.24884686096953978 0.10225763612217804
8 0.8095987160454584 0.8426294820717132 0.33094939673159884 0.10491367861885792
