11 0.3454537542364149 0.13157894736842102 0.41156183958941317 0.11052631578947364
6 0.1856971271836757 0.561184210526315 0.26808037693955633 0.5328947368421033
12 0.5196404413236962 0.3039473684210529 0.31103936402357885 0.09210526315789448
1 0.48501668746996285 0.41118421052631576 0.2269517963167958 0.10657894736842109
2 0.48625030632523475 0.5118421052631579 0.2328796417429807 0.09210526315789462
4 0.5427846402903127 0.6217105263157894 0.3675264164234679 0.1144736842105263
7 0.5023218556139959 0.7309210526315789 0.2701403844218577 0.10131578947368412
14 0.7477828340622285 0.727631578947368 0.20377160378483122 0.09473684210526334
9 0.4995044678451171 0.8388157894736843 0.2828429103351112 0.10394736842105261
8 0.8153556286866608 0.8388157894736841 0.33704035423165946 0.10921052631578929
