11 0.34953402203153205 0.14342629482071712 0.4143873225048524 0.11952191235059761
6 0.18824302150372862 0.5610889774236388 0.27373146303674184 0.5351925630810092
12 0.5264066596860422 0.30743691899070386 0.3048947372901556 0.09694555112881811
1 0.48808425486089824 0.4077025232403719 0.22656542632887253 0.09827357237715795
2 0.48766312953314944 0.5099601593625498 0.22740767698437012 0.1035856573705179
4 0.528933411652535 0.6142098273572377 0.31500174515612755 0.10491367861885785
7 0.5061926439540982 0.7244355909694555 0.2678357084482583 0.09960159362549803
14 0.7508664593761705 0.7284196547144753 0.19119089879797058 0.09960159362549803
9 0.5045081426431028 0.8393094289508631 0.2560441992712908 0.10358565737051804
8 0.8245633917322164 0.8393094289508631 0.3335312595770763 0.11420982735723782
