11 0.3415869937651664 0.14741035856573706 0.4109514024607748 0.10889774236387781
6 0.17319289466765142 0.5604249667994687 0.2713500767840785 0.5338645418326693
12 0.5152161425755574 0.3154050464807437 0.3027603750613352 0.09960159362549803
1 0.479443302870904 0.41766268260292166 0.2277246625101108 0.09163346613545813
2 0.47813454044268494 0.5166002656042497 0.2268521542246315 0.10092961487383803
4 0.5204511922884335 0.6228419654714475 0.31497549105804623 0.11155378486055767
7 0.49383968958131325 0.7284196547144753 0.26175248564380565 0.09428950863213814
14 0.7425045509429286 0.7357237715803453 0.19195182280545736 0.10092961487383803
9 0.49514845200953234 0.8413014608233732 0.2591349607873676 0.11288180610889768
8 0.8144864844949751 0.8459495351925631 0.33591568990955056 0.1168658698539177
