11 0.3476730511975646 0.15272244355909695 0.4047537013941796 0.09827357237715803
6 0.19156612149318547 0.5717131474103586 0.2655115092478914 0.5325365205843294
12 0.4843206683349158 0.31274900398406374 0.212755150732838 0.09960159362549803
1 0.48864496001647756 0.41766268260292166 0.21794430075071206 0.09694555112881802
2 0.48691524334385294 0.5185922974767597 0.21621458407808747 0.08897742363877825
4 0.521942005964503 0.6175298804780873 0.29318697600988647 0.10092961487383789
7 0.5050772684064122 0.7317397078353253 0.2542683508758309 0.10624169986719792
14 0.7602104776185554 0.7310756972111554 0.20583628404233933 0.1022576361221779
9 0.5063745559108808 0.8399734395750332 0.26205207590264196 0.09694555112881802
8 0.8164262694788582 0.8399734395750332 0.3165381510903201 0.11022576361221781
