11 0.3498194201491197 0.12749003984063745 0.401958110795549 0.11155378486055778
6 0.1769150443301917 0.5285524568393091 0.2664866410817497 0.5285524568393093
12 0.46880258598327884 0.2921646746347941 0.20320720457069888 0.09561752988047807
1 0.47682392300580645 0.39243027888446214 0.21746735927741448 0.09163346613545813
2 0.4737045141637125 0.4867197875166002 0.2183586189465843 0.0916334661354582
4 0.5387664700131028 0.5956175298804781 0.35739512733706247 0.11819389110225771
7 0.48395400035916436 0.7025232403718459 0.2566827847208828 0.10092961487383803
14 0.7397455254108775 0.7191235059760956 0.2192498786157541 0.10491367861885792
9 0.48350837052457946 0.8140770252324038 0.2664866410817497 0.11420982735723768
8 0.7963405144031555 0.8313413014608233 0.32709229858529154 0.11420982735723768
