11 0.34609996553190725 0.14171122994652408 0.39269034550735626 0.10695187165775401
6 0.185529548830806 0.5521390374331552 0.2612389162909106 0.5267379679144387
12 0.4713116117159265 0.29879679144385024 0.20216897025060923 0.08689839572192504
1 0.47630343814186743 0.39973262032085566 0.21880839167041238 0.09893048128342244
2 0.4783833658193429 0.5040106951871658 0.21964036274140264 0.09358288770053477
4 0.5436930948920706 0.607620320855615 0.34693193660289734 0.10294117647058819
7 0.4937748306326609 0.71524064171123 0.2604069452199205 0.1042780748663101
14 0.7462780506781749 0.7185828877005348 0.20133699917961906 0.11096256684491976
9 0.49710271491662156 0.8328877005347592 0.2620708873619008 0.11229946524064176
8 0.812419750821893 0.8335561497326203 0.32862857304111387 0.11363636363636359
