11 0.3505494467882032 0.13745019920318724 0.4136399908466283 0.09694555112881806
6 0.18927163217527532 0.5664010624169987 0.27826690293318623 0.545816733067729
12 0.48717598921936217 0.3067729083665338 0.2189367224279124 0.09561752988047811
1 0.491771989117658 0.41102257636122175 0.22478617684392524 0.1022576361221779
2 0.4946967163256645 0.5152722443559097 0.2222792678084912 0.09561752988047821
4 0.5293756246491697 0.6168658698539177 0.29163708445550157 0.10491367861885785
7 0.5080668978479798 0.7330677290836652 0.26406108506572634 0.1035856573705179
14 0.7621003467719696 0.7290836653386453 0.1988814501444395 0.095617529880478
9 0.5122450795737032 0.8426294820717132 0.2590472669948581 0.09428950863213814
8 0.8201770727595264 0.8353253652058433 0.3133636294292637 0.1035856573705179
