12 0.5969230769230769 0.2693315768371613 0.48 0.10377913969872267
1 0.47307692307692306 0.38175897817744425 0.23846153846153847 0.11119193539148858
11 0.30307692307692313 0.10254367374992836 0.3753846153846155 0.1359012543673749
2 0.473076923076923 0.5003637092616987 0.23230769230769238 0.11119193539148858
4 0.5130769230769231 0.6202039062947478 0.3153846153846154 0.1186047310842546
7 0.48692307692307696 0.7437505011741794 0.27230769230769225 0.10872100349389996
14 0.76 0.753634228764534 0.23076923076923095 0.10872100349389996
9 0.48461538461538467 0.8648261641560225 0.26769230769230773 0.11366286728907724
8 0.8153846153846154 0.8697680279511999 0.34461538461538455 0.11860473108425466
6 0.17307692307692307 0.5065410390056704 0.2846153846153846 0.59796551921645
