6 0.17416298811544992 0.5980263157894737 0.27815959252971134 0.5855263157894737
11 0.327025466893039 0.14539473684210524 0.4168217317487265 0.11710526315789474
12 0.5801256366723259 0.33223684210526316 0.4519049235993207 0.10131578947368425
1 0.4748760611205432 0.4394736842105263 0.2414057724957555 0.0894736842105263
2 0.48281154499151085 0.5467105263157893 0.2706417657045841 0.09605263157894753
4 0.5943259762308998 0.6526315789473685 0.4836468590831918 0.09473684210526315
7 0.48991171477079787 0.7664473684210527 0.27147707979626484 0.0934210526315789
14 0.7455178268251273 0.7703947368421052 0.2029813242784381 0.09078947368421054
9 0.48406451612903223 0.8763157894736843 0.26145331069609506 0.0921052631578948
8 0.8131782682512733 0.8723684210526315 0.3316196943972835 0.09473684210526313
