11 0.35216914369291474 0.14209827357237714 0.4098121218123046 0.10624169986719785
6 0.18933824929726598 0.5664010624169985 0.27096407232764286 0.5378486055776891
12 0.484285166535896 0.30942895086321376 0.2179493625244084 0.09561752988047811
1 0.4897549381822614 0.41102257636122175 0.2255228924962991 0.09694555112881802
2 0.4935417031682066 0.5119521912350598 0.22804740248692923 0.09960159362549803
4 0.5263603330463994 0.6162018592297477 0.30041668888499534 0.10624169986719778
7 0.5074265081166729 0.7304116865869852 0.26759805900680256 0.1035856573705179
14 0.7670302854864798 0.7304116865869854 0.21121733588272776 0.10092961487383803
9 0.5116340247677232 0.8399734395750332 0.2659150523463824 0.09960159362549803
8 0.8271977735964998 0.8373173970783532 0.3214542721402472 0.1022576361221779
