11 0.2947403368980219 0.11022576361221781 0.3594394352414902 0.11155378486055778
6 0.1725309289159153 0.5092961487383798 0.24357307611658627 0.50066401062417
12 0.5142098273572376 0.2682602921646746 0.3179981827077654 0.08764940239043828
1 0.4681170056615642 0.3824701195219123 0.23088697840218075 0.0929614873837982
2 0.4693856154330048 0.49070385126162014 0.2317327182498078 0.08897742363877825
4 0.5180156566715595 0.6148738379814077 0.3171524428601385 0.10889774236387786
7 0.48799189208079957 0.7297476759628154 0.2672537918501433 0.09960159362549803
14 0.7505941147689942 0.7377158034528551 0.2173551408401481 0.09960159362549788
9 0.4930663311665618 0.843957503320053 0.2757111903264136 0.10225763612217804
8 0.805144334940938 0.8459495351925631 0.3129237436220032 0.10624169986719792
