11 0.34296819965784436 0.13684210526315788 0.41156183958941317 0.11052631578947364
6 0.1774119452551073 0.5499999999999993 0.25151001308241955 0.5263157894736827
12 0.46702953607728676 0.29736842105263167 0.20747458991647377 0.08157894736842093
1 0.4750744691556808 0.3980263157894736 0.22695179631679577 0.10657894736842109
2 0.47465105162523896 0.49868421052631573 0.23287964174298076 0.09210526315789462
4 0.541127603904599 0.6059210526315789 0.3675264164234679 0.1144736842105263
7 0.48989408272114315 0.7151315789473683 0.2701403844218577 0.10131578947368412
14 0.7490256113515141 0.7210526315789473 0.22779863137767986 0.10263157894736845
9 0.4937048404951192 0.824342105263158 0.2828429103351112 0.10394736842105261
8 0.808727483143806 0.8282894736842104 0.33704035423165946 0.10921052631578929
