11 0.3232222017363142 0.16666666666666657 0.3868068971598515 0.10491367861885788
6 0.1589617385588431 0.5551128818061087 0.2702349555500333 0.5391766268260288
12 0.4658462060543874 0.33200531208499334 0.23932572860803597 0.09827357237715799
1 0.4521578341229315 0.43359893758300133 0.2207801924428376 0.09428950863213814
2 0.4521578341229315 0.5305444887118194 0.22431267552192302 0.10491367861885792
4 0.46761244759393006 0.6381142098273572 0.25345566092437766 0.10491367861885799
7 0.4715864910579012 0.742363877822045 0.2649362309314052 0.09827357237715809
9 0.462313722975302 0.848605577689243 0.24815693630574956 0.1035856573705179
8 0.7943671324093299 0.8559096945551129 0.3364690132828845 0.11022576361221781
14 0.7237174708276217 0.7430278884462151 0.20576713935672467 0.09694555112881802
