11 0.29345353171763355 0.12084993359893759 0.36209763270421447 0.11686586985391768
6 0.17504245751578135 0.5232403718459495 0.24197045597769776 0.50199203187251
12 0.514830757399357 0.2775564409030544 0.3174789670629368 0.09296148738379817
1 0.4672089123399165 0.39375830013280205 0.23424799461670745 0.10225763612217798
2 0.4672089123399165 0.50132802124834 0.23253189209204286 0.09694555112881802
4 0.5156888086616892 0.6175298804780877 0.3226272746369303 0.10624169986719785
7 0.4878021426358907 0.7416998671978752 0.26513784006066893 0.10491367861885777
14 0.7503658289095628 0.7410358565737052 0.21708696937006222 0.1088977423638778
9 0.49380850147221667 0.8545816733067728 0.27200225015932694 0.09960159362549803
8 0.8031359815429969 0.8525896414342629 0.31919506958760135 0.1035856573705179
