11 0.35006538536738957 0.14741035856573706 0.4089706184820946 0.10889774236387781
6 0.19060050429258113 0.5697211155378485 0.27180557565785296 0.5391766268260292
12 0.48807193152184125 0.31274900398406374 0.21205883921293797 0.09694555112881811
1 0.4939624548333117 0.41168658698539173 0.2255228924962991 0.095617529880478
2 0.49606621315883687 0.5152722443559097 0.2280474024869293 0.09296148738379807
4 0.5288848430370297 0.6188579017264276 0.29705067556415515 0.1035856573705179
7 0.509951018107303 0.7343957503320052 0.2642320456859623 0.10889774236387781
14 0.7729208087979502 0.7324037184594953 0.21290034254314805 0.09960159362549803
9 0.5112132731026182 0.843293492695883 0.26339054235575227 0.10092961487383803
8 0.8280392769267099 0.8413014608233732 0.3180882588194068 0.09960159362549803
