11 0.3503592639888709 0.14276228419654713 0.39738450982050894 0.10756972111553784
6 0.1927611428233812 0.543160690571049 0.2635108370025123 0.5577689243027888
12 0.4990607170240508 0.3107569721115538 0.2643581387292086 0.09561752988047814
1 0.4749126178132096 0.4096945551128817 0.21775654376091858 0.08897742363877818
2 0.47533626867655765 0.5079681274900397 0.22368765584779182 0.09960159362549796
4 0.5083810360177087 0.6142098273572377 0.29316639743687867 0.09960159362549788
7 0.490587699757089 0.7270916334661354 0.26096893182242376 0.10756972111553793
14 0.7375761530890259 0.7330677290836652 0.19233749196003302 0.10092961487383803
9 0.47999642817338667 0.8379814077025233 0.2448701990151963 0.1035856573705179
8 0.8074785455414607 0.843293492695883 0.3287530699581184 0.10624169986719792
