11 0.31663970612052034 0.14873837981407703 0.3913318509796301 0.10092961487383798
12 0.46327459173349644 0.3173970783532536 0.2428640292964917 0.100929614873838
1 0.45319344334760436 0.4169986719787516 0.22820054073519416 0.095617529880478
2 0.4513605072774422 0.5119521912350598 0.22270173252470754 0.09163346613545813
4 0.4696898679790642 0.6142098273572377 0.25569458178762716 0.11022576361221781
7 0.4733557401193886 0.7184594953519255 0.2575275178577893 0.095617529880478
14 0.7253844497666913 0.7350597609561753 0.20803824396340986 0.1075697211155378
9 0.4683151659264425 0.8114209827357236 0.24561343340173514 0.10889774236387764
8 0.796868956503017 0.8406374501992027 0.3473413852957366 0.11686586985391748
6 0.16771365041984146 0.5212483399734396 0.26760866624368146 0.5351925630810093
