11 0.33382033435944986 0.16334661354581673 0.4157658944735267 0.10889774236387781
6 0.18718091099741763 0.602257636122178 0.2829278286043916 0.5883134130146083
12 0.5835386464965577 0.3413014608233732 0.44423119430262703 0.09561752988047804
1 0.47485295623999263 0.451527224435591 0.2268598137894969 0.10358565737051798
2 0.47485295623999263 0.555776892430279 0.22513464410288486 0.09960159362549803
4 0.59949646609772 0.6600265604249668 0.4692461547585032 0.09827357237715802
7 0.4951237000576853 0.7715803452855242 0.26222579236504584 0.09561752988047813
14 0.7474297667247114 0.7755644090305445 0.1975319291170905 0.09030544488711825
9 0.49210465310611406 0.8824701195219123 0.25791286814851544 0.09428950863213799
8 0.814280092080932 0.8745019920318725 0.3277822404563074 0.09960159362549788
