6 0.19412220443158923 0.5664473684210526 0.2744486338515572 0.5328947368421053
12 0.4945095811166778 0.3164473684210526 0.21587727906616394 0.0960526315789474
1 0.49952998295542583 0.4177631578947368 0.22591808274366001 0.09868421052631575
2 0.5007850834151129 0.5210526315789472 0.22508134910386865 0.09736842105263158
4 0.5334176953669748 0.625 0.293693507566758 0.10000000000000007
7 0.5137544548318784 0.7361842105263158 0.2660812974536439 0.1118421052631578
14 0.765192913589174 0.7414473684210526 0.20499974174887656 0.09868421052631575
9 0.5120809875522958 0.8427631578947367 0.2577139610557305 0.09868421052631589
8 0.8208357006352976 0.8434210526315787 0.31293838128195833 0.10263157894736832
11 0.35854036465058625 0.14078947368421052 0.4175300862558753 0.11578947368421051
