6 0.16865831466965284 0.4914473684210527 0.2880361142217245 0.5723684210526313
12 0.511072928331467 0.2578947368421053 0.31862402015677493 0.08947368421052633
1 0.4711387178051513 0.3717105263157893 0.23195828667413243 0.09078947368421045
2 0.4715635498320269 0.4855263157894737 0.23620660694288914 0.10263157894736842
4 0.49960246360582317 0.6125 0.29568309070548715 0.12499999999999993
7 0.4881319988801792 0.7309210526315789 0.2727421612541992 0.0960526315789474
14 0.7612989921612541 0.7276315789473684 0.23790593505039193 0.08947368421052629
9 0.4864326707726764 0.8473684210526315 0.2574482082866742 0.10263157894736835
8 0.8186513157894737 0.8506578947368422 0.3509112541993282 0.11184210526315795
11 0.2999314109742441 0.09407894736842107 0.3874468085106383 0.11710526315789477
