11 0.31281198003327787 0.16913783150531425 0.4093178036605657 0.11187069170430233
6 0.1751247920133111 0.5633488403680939 0.2587354409317803 0.5193996400556896
12 0.46630615640599005 0.3482641176270841 0.2437603993344426 0.09988454616455571
1 0.4542429284525791 0.44814866379163976 0.21963394342762066 0.09455737036911273
2 0.4571547420965058 0.5513626948283473 0.2138103161397671 0.09322557642025203
4 0.47254575707154745 0.6552426228394852 0.24126455906821967 0.09855275221569493
7 0.47587354409317806 0.7537953750551801 0.24292845257903495 0.09056198852253033
14 0.7150582362728786 0.757124859927332 0.1855241264559067 0.09722095826683415
9 0.4704658901830283 0.847020951475432 0.22878535773710482 0.08789840062480891
8 0.7745424292845258 0.855677612143027 0.3061564059900166 0.09722095826683415
