11 0.3030042948772287 0.11288180610889775 0.37181062982114094 0.12749003984063748
6 0.17522110140996297 0.5106241699867198 0.24274533073380236 0.5033200531208499
12 0.5149790907292814 0.2729083665338645 0.3273643016586137 0.10225763612217798
1 0.47010539402672996 0.3837981407702523 0.2376169082535108 0.10624169986719792
2 0.47352434234692437 0.49601593625498 0.23932638241360793 0.11288180610889768
4 0.5158338278093301 0.6162018592297476 0.3222358791783222 0.11155378486055774
7 0.4880548727077506 0.7377158034528551 0.26496849481506596 0.11022576361221781
14 0.7513138933627194 0.7410358565737052 0.21197479585205287 0.1088977423638778
9 0.4919011895679693 0.8492695883134129 0.27608007685569774 0.10491367861885792
8 0.8060170664858297 0.851925630810093 0.32309061625837077 0.10756972111553793
