11 0.32175692833063346 0.14475431606905712 0.4011864629394509 0.11686586985391764
6 0.17007793003808938 0.5245683930942895 0.2593800621689068 0.5285524568393094
12 0.46760211899654125 0.3147410358565737 0.2477124469156341 0.09827357237715809
1 0.4527932227135414 0.41567065073041165 0.21809465434963443 0.09561752988047807
2 0.4536907315791778 0.5146082337317397 0.21988967208090712 0.08897742363877818
4 0.46894838229499586 0.6162018592297476 0.24681493804999782 0.11155378486055774
7 0.47208966332472285 0.7217795484727754 0.25489251784072486 0.09694555112881802
9 0.7283284444639022 0.7377158034528555 0.20732454796199795 0.1075697211155377
9 0.4649095923996322 0.8220451527224435 0.24232739372181605 0.09561752988047814
8 0.7929490827897202 0.851925630810093 0.3365658246136334 0.11288180610889768
