11 0.3355686695278969 0.15604249667994685 0.39305652924781553 0.10225763612217795
6 0.17290922148316606 0.5431606905710491 0.2762982405143375 0.5471447543160689
12 0.48797834413419283 0.3187250996015936 0.2647115401056716 0.09561752988047814
1 0.4639136586700408 0.41965471447543157 0.22727758493921307 0.09030544488711817
2 0.4652505856402715 0.5205843293492696 0.22460373099875178 0.09296148738379813
4 0.500456329189679 0.6208499335989376 0.29679778739120766 0.09960159362549796
7 0.4808480669596292 0.7290836653386452 0.26471154010567166 0.09030544488711825
14 0.7335272643332249 0.7330677290836652 0.19964776088777925 0.09827357237715802
9 0.4710439358446044 0.8326693227091633 0.2522335550501855 0.09561752988047814
8 0.8057213207256809 0.843957503320053 0.3351230272044867 0.1075697211155378
