11 0.3315095671649054 0.14736842105263148 0.3859365110278 0.10526315789473678
12 0.47087552948050054 0.31315789473684197 0.24079799406008073 0.09210526315789473
1 0.47046320414820586 0.41315789473684217 0.23997334339549148 0.09999999999999992
2 0.46262902283460733 0.5157894736842106 0.22265567943911577 0.10263157894736842
4 0.47582343346803646 0.6230263157894738 0.24904450070597406 0.10921052631578945
7 0.4811836627878671 0.7289473684210528 0.2614142606748138 0.09473684210526301
14 0.7281665368323678 0.7263157894736844 0.2078119674765081 0.10526315789473685
9 0.4725248308096792 0.8335526315789475 0.24574589804761665 0.10131578947368411
8 0.7974371926578704 0.836842105263158 0.339756073810799 0.10526315789473685
6 0.177712218218998 0.5460526315789473 0.2564663566872779 0.5368421052631579
