11 0.319296064151039 0.17596281540504644 0.40056335168878604 0.11022576361221784
6 0.17274849646001983 0.5650730411686585 0.26023295353617387 0.5272244355909692
12 0.464067297688228 0.34395750332005315 0.24779861445936 0.09296148738379813
1 0.4538533763037023 0.4428950863213811 0.2184891009211561 0.08632138114209831
2 0.45474154338061756 0.5418326693227091 0.2167127667673256 0.09561752988047814
4 0.47428121907275345 0.6427622841965471 0.24691044738244472 0.10092961487383796
7 0.48138655568807565 0.743691899070385 0.26289745476691956 0.10092961487383789
14 0.7291851701474357 0.7536520584329349 0.20250209353668125 0.09960159362549788
9 0.472504884918923 0.8492695883134129 0.2415814449209531 0.09428950863213814
8 0.8015707869160296 0.8618857901726426 0.3348389879970563 0.10358565737051802
