11 0.3426009270591022 0.1431972339090587 0.409894992295769 0.11007867834443279
6 0.1832162254754432 0.5591711996901547 0.26699463718480504 0.5294260244184605
12 0.49843832287571677 0.32423523520694386 0.2686192946179008 0.09173223195369368
1 0.47235854589963255 0.416428239085419 0.2260326294964323 0.10614729697498883
2 0.47528580840116147 0.5210526315789473 0.2328796417429807 0.09210526315789462
4 0.5402543715386033 0.6243421052631578 0.3675264164234679 0.1144736842105263
7 0.4938876264416318 0.7309210526315789 0.2701403844218577 0.10131578947368412
14 0.7410354507243371 0.7315789473684206 0.20377160378483122 0.09473684210526334
9 0.4995044678451171 0.8388157894736843 0.2828429103351112 0.10394736842105261
8 0.8006181938670446 0.8481834709725125 0.3235455875558772 0.10921052631578927
