11 0.319711629671789 0.1533864541832669 0.42071713147410356 0.11288180610889773
6 0.1694555112881806 0.600929614873838 0.2871561373553405 0.601593625498008
12 0.5688863593246063 0.3306772908366534 0.449933598937583 0.09827357237715802
1 0.4628723202428382 0.44223107569721115 0.22955795864162398 0.10092961487383803
2 0.46162018592297477 0.5478087649402391 0.2287232024283817 0.09960159362549803
4 0.589337886549042 0.6560424966799467 0.4774805539745779 0.1035856573705179
7 0.4816543350407892 0.7682602921646747 0.26378296338455703 0.09428950863213814
14 0.741680895465756 0.7729083665338646 0.19950673496490232 0.10092961487383789
9 0.4816543350407892 0.8864541832669324 0.2587744261051035 0.0969455511288181
8 0.8076266363118952 0.8798140770252323 0.3297287042306962 0.09960159362549788
