11 0.3380710338753636 0.14741035856573706 0.41262003108890527 0.11686586985391764
6 0.17163606335210768 0.5617529880478088 0.28259271036761163 0.5418326693227091
12 0.4919366967288945 0.3140770252324037 0.2505193045896925 0.08897742363877828
1 0.4780671158519565 0.41567065073041165 0.22104644522619935 0.08764940239043817
2 0.47589999383993487 0.5159362549800798 0.22364699164062507 0.09428950863213814
4 0.6054938901588244 0.6221779548472776 0.489769574716873 0.1075697211155378
7 0.4906364235216815 0.7297476759628154 0.26178833905220456 0.09428950863213814
14 0.7389886060993525 0.7423638778220452 0.19330728347232323 0.09296148738379799
9 0.4910698479240858 0.8393094289508631 0.2574540950281615 0.09827357237715802
8 0.8031354176551906 0.848605577689243 0.3198672089743825 0.1035856573705179
