11 0.3527051410170997 0.12960526315789472 0.41632189651343543 0.11184210526315791
6 0.18435876082611585 0.5447368421052633 0.26139129469242733 0.536842105263158
12 0.5271102598267823 0.29934210526315785 0.30813013546524537 0.1013157894736842
1 0.48945952698201184 0.4032894736842105 0.23109760159893405 0.10394736842105264
2 0.48902675993781924 0.5046052631578948 0.2285009993337775 0.09605263157894747
4 0.5314379302687098 0.6092105263157894 0.31851654452587164 0.11842105263157883
7 0.4989804019542527 0.7177631578947369 0.2657189651343549 0.09605263157894736
14 0.7491197534976684 0.7296052631578948 0.1947451698867421 0.0960526315789474
9 0.4981148678658673 0.8315789473684209 0.2622568287808128 0.11842105263157848
8 0.8205263157894737 0.8447368421052633 0.33582722629358214 0.12368421052631576
