11 0.2984318046961092 0.10159362549800795 0.36532169195558195 0.11022576361221777
6 0.1715125314345455 0.48339973439575035 0.2915713034387274 0.5869853917662682
12 0.5141088129750502 0.25697211155378485 0.32158599643977276 0.09694555112881802
1 0.4725170241021729 0.37317397078353254 0.23325704275098189 0.10092961487383796
2 0.47294580543075926 0.4873837981407702 0.23411460540815462 0.09827357237715802
4 0.49995902913170015 0.6029216467463479 0.2881410528100363 0.10624169986719785
7 0.48838193325986834 0.7257636122177954 0.26841711169506377 0.10225763612217804
14 0.7670897968410046 0.7337317397078351 0.23582973072249996 0.1022576361221779
9 0.48752437060269566 0.8419654714475431 0.2615566104376819 0.10889774236387793
8 0.820258681585714 0.8419654714475431 0.3387372495832274 0.10092961487383803
