11 0.3422332124451972 0.1387782204515272 0.38303473898975854 0.11022576361221781
6 0.18693760631130593 0.5332005312084993 0.26396089621685515 0.5644090305444888
12 0.4908673448575274 0.30411686586985387 0.25896479092568453 0.09561752988047811
1 0.468384871047259 0.41168658698539173 0.21733058016592813 0.10092961487383789
2 0.46671950261686873 0.5112881806108898 0.21566521173553788 0.09030544488711818
4 0.501692239655064 0.6155378486055777 0.28727605424231883 0.10756972111553786
7 0.48587123956635664 0.7277556440903055 0.26063015935607475 0.10624169986719792
14 0.7294313725109314 0.7290836653386453 0.189852001064489 0.09030544488711825
9 0.4742136605536249 0.8313413014608233 0.2439764750521722 0.1035856573705179
8 0.799376846587322 0.8379814077025232 0.3264122123564899 0.10092961487383803
