11 0.3561107128672852 0.14873837981407703 0.41561050778526043 0.11155378486055775
6 0.19359634764356148 0.5697211155378487 0.2752975585757067 0.5338645418326693
12 0.4942035204754219 0.32005312084993354 0.21757387693886499 0.09030544488711822
1 0.49819977535797244 0.4216467463479416 0.22201416014169895 0.09960159362549803
2 0.49819977535797244 0.5232403718459495 0.2255663867039661 0.09030544488711825
4 0.5301698144183771 0.6274900398406374 0.2912825781059091 0.11022576361221766
7 0.5146288232084583 0.7370517928286853 0.26197670896720476 0.10092961487383789
14 0.765504824168578 0.7390438247011951 0.2024769140492296 0.1022576361221779
9 0.5155168798490251 0.8452855245683929 0.2602005956860712 0.10491367861885792
8 0.8245605907662699 0.8419654714475431 0.30993176755781193 0.09296148738379813
