11 0.3402599935705953 0.1407702523240372 0.4012020819712989 0.10092961487383798
6 0.1862119367799277 0.549800796812749 0.2759322335920747 0.552456839309429
12 0.4981169308863066 0.31341301460823373 0.2666216367530783 0.09030544488711825
1 0.47526364773604285 0.41567065073041165 0.21922223466364216 0.09561752988047807
2 0.4731476029999072 0.5139442231075697 0.22683999571373006 0.09030544488711811
4 0.511236408250347 0.6221779548472776 0.29286059148115895 0.09960159362549788
7 0.4917687966779 0.7264276228419655 0.2657752188586241 0.1035856573705179
14 0.7435781202780296 0.7297476759628154 0.1938296978300157 0.09960159362549803
9 0.4845742445750393 0.8320053120849933 0.24461477149726873 0.09960159362549803
8 0.8129843876232754 0.8393094289508631 0.32925656094269046 0.10624169986719778
