11 0.342517689281577 0.17463479415670646 0.40431211776021203 0.10491367861885792
6 0.19023856195922648 0.5810092961487384 0.27454381795507854 0.5139442231075698
12 0.5433495818371411 0.3379814077025232 0.35399379742760934 0.09163346613545813
1 0.47934820948426904 0.43625498007968133 0.22422549762247576 0.09694555112881809
2 0.4828793196830482 0.5325365205843293 0.2224599425230862 0.08764940239043831
4 0.5318734736911089 0.6294820717131474 0.3151515852410388 0.09296148738379813
7 0.5018590370014862 0.7423638778220452 0.2586538220605724 0.10358565737051777
14 0.7534506386645002 0.7343957503320052 0.21098383437705392 0.09561752988047802
9 0.5053901472002653 0.8379814077025233 0.2586538220605724 0.08499335989375836
8 0.8125967344940509 0.8333333333333335 0.3239793607379868 0.09428950863213814
