11 0.34101077806086094 0.15205843293492693 0.40638590131605185 0.11819389110225761
6 0.17403917947665692 0.5484727755644089 0.26856807391321685 0.5126162018592293
12 0.5437620049131087 0.3187250996015936 0.35249559701109723 0.09827357237715806
1 0.4779451578521393 0.4150066401062416 0.2261625885584985 0.09428950863213807
2 0.47706171024058264 0.5099601593625498 0.22616258855849844 0.09030544488711818
4 0.523442709847306 0.6108897742363878 0.3277590638875114 0.10889774236387786
7 0.4876630815792623 0.7217795484727756 0.26680117869010367 0.10491367861885792
14 0.7451880603480214 0.7304116865869852 0.21821156005448877 0.1035856573705179
9 0.4876630815792623 0.8220451527224435 0.2632673882438772 0.09561752988047814
8 0.8048207741280942 0.8379814077025233 0.32687561627595474 0.1035856573705179
