11 0.3148640756677508 0.1606905710491368 0.3956544418238311 0.10624169986719792
6 0.16551107444948351 0.5411686586985391 0.26289621851870465 0.5325365205843293
12 0.46028673474869547 0.3306772908366534 0.2428078031501657 0.09561752988047804
1 0.44849570833672703 0.4309428950863214 0.2209725690539279 0.09428950863213814
2 0.4471855942909527 0.5278884462151394 0.21835234096237927 0.08897742363877825
4 0.4624702581583193 0.6314741035856574 0.25066848742481135 0.10225763612217782
7 0.46596389561371737 0.7343957503320052 0.25940258106330666 0.09030544488711804
14 0.7205627251758515 0.7496679946879149 0.20437779114078686 0.1022576361221779
9 0.459413325384846 0.8339973439575032 0.24280780315016579 0.095617529880478
8 0.7895620649199633 0.8572377158034529 0.33713601444591357 0.11288180610889777
