1749881357122 0.000125 0
1749881419957 0.00026247150255901276 1
1749881480904 0.00039982632035957393 2
1749881543942 0.0005369749864324471 3
1749881608696 0.0006738281765967407 4
1749881673685 0.0008102967747934275 5
1749881738748 0.0009462919382931332 6
1749881803722 0.0010817251627381387 7
1749881868505 0.0012165083469786277 8
1749881933360 0.0012390402363883762 9
1749881998235 0.0012364788279540424 10
1749882062373 0.001233651946152768 11
1749882127012 0.0012305608309483406 12
1749882193421 0.001227206838206051 13
1749882257770 0.0012235914390979665 14
1749882324231 0.0012197162194576264 15
1749882389314 0.0012155828790844415 16
1749882453872 0.001211193230998108 17
1749882519167 0.0012065492006433556 18
1749882587251 0.0012016528250453848 19
1749882653569 0.0011965062519163593 20
1749882718617 0.0011911117387133497 21
1749882784281 0.0011854716516481367 22
1749882848592 0.0011795884646493141 23
1749882912247 0.0011734647582771407 24
1749882978997 0.0011671032185916214 25
1749883046727 0.0011605066359743135 26
1749883112757 0.0011536779039043718 27
1749883177606 0.001146620017689374 28
1749883245254 0.0011393360731514794 29
1749883314380 0.0011318292652694989 30
1749883382651 0.0011241028867774714 31
1749883449925 0.0011161603267203636 32
1749883517573 0.0011080050689675196 33
1749883583518 0.0010996406906845241 34
1749883649542 0.001091070860764138 35
1749883713469 0.0010822993382169986 36
1749883778136 0.0010733299705227971 37
1749883842661 0.001064166691942645 38
1749883906599 0.0010548135217933762 39
1749883970814 0.0010452745626845436 40
1749884035115 0.0010355539987188778 41
1749884099260 0.0010256560936570019 42
1749884164031 0.0010155851890472046 43
1749884228987 0.0010053457023210947 44
1749884293434 0.0009949421248559678 45
1749884357494 0.0009843790200047423 46
1749884422779 0.0009736610210943192 47
1749884487379 0.0009627928293932542 48
1749884550820 0.0009517792120496243 49
1749884615794 0.000940625 50
1749884679437 0.0009293350858504363 51
1749884743693 0.0009179144217304144 52
1749884807856 0.000906368017120674 53
1749884872079 0.0008947009366558886 54
1749884936410 0.0008829182979031514 55
1749885000973 0.0008710252691172388 56
1749885065117 0.0008590270669736447 57
1749885130014 0.0008469289542803732 58
1749885196170 0.0008347362376694983 59
1749885260819 0.0008224542652694989 60
1749885324745 0.0008100884243593917 61
1749885392897 0.0007976441390056958 62
1749885457224 0.0007851268676832539 63
1749885521132 0.0007725421008809683 64
1749885585310 0.0007598953586934887 65
1749885650196 0.0007471921883999172 66
1749885713827 0.0007344381620305883 67
1749885777808 0.0007216388739229922 68
1749885841966 0.0007087999382679133 69
1749885905741 0.0006959269866468607 70
1749885969758 0.0006830256655618702 71
1749886035236 0.0006701016339587628 72
1749886099817 0.0006571605607449424 73
1749886164053 0.0006442081223028273 74
1749886227647 0.0006312500000000002 75
1749886291568 0.000618291877697173 76
1749886355385 0.0006053394392550578 77
1749886419098 0.0005923983660412374 78
1749886482433 0.0005794743344381298 79
1749886545910 0.0005665730133531396 80
1749886609179 0.0005537000617320867 81
1749886672816 0.000540861126077008 82
1749886736452 0.0005280618379694116 83
1749886800741 0.0005153078116000829 84
1749886864969 0.0005026046413065114 85
1749886929393 0.0004899578991190319 86
1749886993237 0.0004773731323167463 87
1749887056569 0.00046485586099430463 88
1749887120390 0.00045241157564060805 89
1749887184711 0.00044004573473050134 90
1749887249054 0.0004277637623305017 91
1749887313046 0.000415571045719627 92
1749887377835 0.0004034729330263556 93
1749887441127 0.0003914747308827614 94
1749887505352 0.0003795817020968487 95
1749887569546 0.00036779906334411124 96
1749887633646 0.00035613198287932636 97
1749887698317 0.0003445855782695857 98
1749887764868 0.00033316491414956366 99
1749887830910 0.00032187499999999995 100
1749887894031 0.0003107207879503758 101
1749887956904 0.0002997071706067459 102
1749888020187 0.00028883897890568083 103
1749888082732 0.00027812097999525804 104
1749888145311 0.00026755787514403246 105
1749888207992 0.00025715429767890556 106
1749888270727 0.0002469148109527955 107
1749888333755 0.00023684390634299822 108
1749888398528 0.00022694600128112238 109
1749888463898 0.00021722543731545656 110
1749888527290 0.00020768647820662388 111
1749888590187 0.00019833330805735518 112
1749888653342 0.00018917002947720307 113
1749888717529 0.00018020066178300181 114
1749888781525 0.00017142913923586217 115
1749888845170 0.0001628593093154758 116
1749888908764 0.00015449493103248058 117
1749888973143 0.00014633967327963668 118
