1749029868591 0.34512 0
1749029931836 0.43203 1
1749029996016 0.69951 2
1749030060851 0.71358 3
1749030126384 0.76343 4
1749030192059 0.80888 5
1749030258188 0.82346 6
1749030324974 0.86069 7
1749030391689 0.80684 8
1749030457355 0.84477 9
1749030523934 0.81679 10
1749030590576 0.87642 11
1749030657553 0.87248 12
1749030723384 0.86982 13
1749030789495 0.91554 14
1749030855862 0.88791 15
1749030922681 0.90934 16
1749030989145 0.81898 17
1749031055168 0.9011 18
1749031121900 0.89848 19
1749031186838 0.91358 20
1749031252318 0.93214 21
1749031317509 0.9225 22
1749031383233 0.93361 23
1749031449841 0.92876 24
1749031516865 0.92931 25
1749031583825 0.95304 26
1749031650635 0.93983 27
1749031718456 0.92288 28
1749031788560 0.93442 29
1749031856238 0.93752 30
1749031922918 0.93423 31
1749031987326 0.9624 32
1749032051947 0.94646 33
1749032116490 0.86262 34
1749032180830 0.91727 35
1749032245243 0.90912 36
1749032309553 0.94057 37
1749032373875 0.9621 38
1749032439175 0.94509 39
1749032504235 0.95476 40
1749032568582 0.92666 41
1749032633219 0.95464 42
1749032697823 0.95252 43
1749032762741 0.96887 44
1749032827574 0.97101 45
1749032891587 0.96376 46
1749032955833 0.97169 47
1749033020152 0.97272 48
1749033085587 0.96989 49
1749033150139 0.96446 50
1749033215028 0.96265 51
1749033279824 0.97042 52
1749033345093 0.96731 53
1749033413849 0.97773 54
1749033478275 0.95902 55
1749033542720 0.96831 56
1749033607203 0.96597 57
1749033671626 0.95968 58
1749033736717 0.96159 59
1749033803032 0.958 60
1749033866370 0.9593 61
1749033929838 0.96282 62
1749033994287 0.98193 63
1749034058849 0.95781 64
1749034123123 0.97407 65
1749034187123 0.96153 66
1749034251668 0.96136 67
1749034315423 0.96393 68
1749034379968 0.97251 69
1749034444388 0.97349 70
1749034508329 0.96447 71
1749034573380 0.9833 72
1749034637518 0.96643 73
1749034701382 0.97545 74
1749034765288 0.96573 75
1749034829323 0.98458 76
1749034893276 0.97767 77
1749034956931 0.98217 78
1749035020596 0.98099 79
1749035084340 0.97888 80
1749035148378 0.96635 81
1749035213402 0.98383 82
1749035277719 0.97612 83
1749035343079 0.97041 84
1749035407528 0.97955 85
1749035473100 0.98534 86
1749035537370 0.97481 87
1749035601972 0.97236 88
1749035666295 0.98042 89
1749035732123 0.98045 90
1749035795586 0.9797 91
1749035860149 0.97508 92
1749035925881 0.9737 93
