1749029868591 0.39373 0
1749029931836 0.47222 1
1749029996016 0.7622 2
1749030060851 0.80031 3
1749030126384 0.86565 4
1749030192059 0.96448 5
1749030258188 0.91745 6
1749030324974 0.94214 7
1749030391689 0.93088 8
1749030457355 0.9873 9
1749030523934 0.97606 10
1749030590576 0.98546 11
1749030657553 0.9549 12
1749030723384 0.98833 13
1749030789495 0.99431 14
1749030855862 0.99083 15
1749030922681 0.99203 16
1749030989145 0.92737 17
1749031055168 0.995 18
1749031121900 0.95485 19
1749031186838 0.99192 20
1749031252318 0.995 21
1749031317509 0.99145 22
1749031383233 0.995 23
1749031449841 0.99346 24
1749031516865 0.99262 25
1749031583825 0.995 26
1749031650635 0.995 27
1749031718456 0.995 28
1749031788560 0.995 29
1749031856238 0.995 30
1749031922918 0.995 31
1749031987326 0.995 32
1749032051947 0.995 33
1749032116490 0.98235 34
1749032180830 0.995 35
1749032245243 0.99214 36
1749032309553 0.995 37
1749032373875 0.995 38
1749032439175 0.995 39
1749032504235 0.995 40
1749032568582 0.995 41
1749032633219 0.995 42
1749032697823 0.995 43
1749032762741 0.995 44
1749032827574 0.995 45
1749032891587 0.995 46
1749032955833 0.995 47
1749033020152 0.995 48
1749033085587 0.995 49
1749033150139 0.995 50
1749033215028 0.995 51
1749033279824 0.99346 52
1749033345093 0.995 53
1749033413849 0.995 54
1749033478275 0.995 55
1749033542720 0.995 56
1749033607203 0.995 57
1749033671626 0.995 58
1749033736717 0.995 59
1749033803032 0.995 60
1749033866370 0.995 61
1749033929838 0.995 62
1749033994287 0.995 63
1749034058849 0.995 64
1749034123123 0.995 65
1749034187123 0.995 66
1749034251668 0.995 67
1749034315423 0.995 68
1749034379968 0.99346 69
1749034444388 0.995 70
1749034508329 0.995 71
1749034573380 0.995 72
1749034637518 0.995 73
1749034701382 0.995 74
1749034765288 0.995 75
1749034829323 0.995 76
1749034893276 0.995 77
1749034956931 0.995 78
1749035020596 0.995 79
1749035084340 0.995 80
1749035148378 0.995 81
1749035213402 0.995 82
1749035277719 0.995 83
1749035343079 0.995 84
1749035407528 0.995 85
1749035473100 0.995 86
1749035537370 0.995 87
1749035601972 0.995 88
1749035666295 0.995 89
1749035732123 0.995 90
1749035795586 0.995 91
1749035860149 0.995 92
1749035925881 0.995 93
