1749029868591 0.36903 0
1749029931836 0.45612 1
1749029996016 0.72253 2
1749030060851 0.76025 3
1749030126384 0.81211 4
1749030192059 0.86697 5
1749030258188 0.87795 6
1749030324974 0.89685 7
1749030391689 0.86207 8
1749030457355 0.90373 9
1749030523934 0.86383 10
1749030590576 0.94012 11
1749030657553 0.92573 12
1749030723384 0.91854 13
1749030789495 0.96797 14
1749030855862 0.91637 15
1749030922681 0.93158 16
1749030989145 0.86811 17
1749031055168 0.9383 18
1749031121900 0.94442 19
1749031186838 0.9678 20
1749031252318 0.95618 21
1749031317509 0.9763 22
1749031383233 0.96847 23
1749031449841 0.96447 24
1749031516865 0.95907 25
1749031583825 0.98004 26
1749031650635 0.97747 27
1749031718456 0.95365 28
1749031788560 0.96682 29
1749031856238 0.96584 30
1749031922918 0.96896 31
1749031987326 0.97524 32
1749032051947 0.9764 33
1749032116490 0.89802 34
1749032180830 0.95245 35
1749032245243 0.92801 36
1749032309553 0.96731 37
1749032373875 0.98235 38
1749032439175 0.97647 39
1749032504235 0.97439 40
1749032568582 0.95893 41
1749032633219 0.97192 42
1749032697823 0.98914 43
1749032762741 0.98676 44
1749032827574 0.98445 45
1749032891587 0.98603 46
1749032955833 0.995 47
1749033020152 0.995 48
1749033085587 0.995 49
1749033150139 0.98891 50
1749033215028 0.995 51
1749033279824 0.99346 52
1749033345093 0.98896 53
1749033413849 0.98951 54
1749033478275 0.98261 55
1749033542720 0.99065 56
1749033607203 0.98862 57
1749033671626 0.98622 58
1749033736717 0.97967 59
1749033803032 0.9859 60
1749033866370 0.98534 61
1749033929838 0.98707 62
1749033994287 0.99239 63
1749034058849 0.98279 64
1749034123123 0.98331 65
1749034187123 0.99006 66
1749034251668 0.98935 67
1749034315423 0.9903 68
1749034379968 0.99346 69
1749034444388 0.995 70
1749034508329 0.99204 71
1749034573380 0.99317 72
1749034637518 0.98789 73
1749034701382 0.99351 74
1749034765288 0.99254 75
1749034829323 0.98956 76
1749034893276 0.98812 77
1749034956931 0.98811 78
1749035020596 0.99293 79
1749035084340 0.995 80
1749035148378 0.99209 81
1749035213402 0.98801 82
1749035277719 0.98263 83
1749035343079 0.98255 84
1749035407528 0.99104 85
1749035473100 0.99047 86
1749035537370 0.98557 87
1749035601972 0.98741 88
1749035666295 0.98998 89
1749035732123 0.99178 90
1749035795586 0.99179 91
1749035860149 0.98961 92
1749035925881 0.98339 93
