1749029868591 0.00338 0
1749029931836 0.00347 1
1749029996016 0.91161 2
1749030060851 0.74332 3
1749030126384 0.7942 4
1749030192059 0.78255 5
1749030258188 0.85086 6
1749030324974 0.88707 7
1749030391689 0.78173 8
1749030457355 0.94953 9
1749030523934 0.86117 10
1749030590576 0.95131 11
1749030657553 0.92159 12
1749030723384 0.96521 13
1749030789495 0.9279 14
1749030855862 0.93814 15
1749030922681 0.95074 16
1749030989145 0.84956 17
1749031055168 0.94991 18
1749031121900 0.92129 19
1749031186838 0.91883 20
1749031252318 0.95967 21
1749031317509 0.9511 22
1749031383233 0.96137 23
1749031449841 0.97747 24
1749031516865 0.96949 25
1749031583825 0.96201 26
1749031650635 0.94371 27
1749031718456 0.99151 28
1749031788560 0.96333 29
1749031856238 0.98532 30
1749031922918 0.98754 31
1749031987326 0.9818 32
1749032051947 0.98055 33
1749032116490 0.915 34
1749032180830 0.98196 35
1749032245243 0.98436 36
1749032309553 0.95779 37
1749032373875 0.96538 38
1749032439175 0.96158 39
1749032504235 0.97496 40
1749032568582 0.9787 41
1749032633219 0.98794 42
1749032697823 0.95813 43
1749032762741 0.97744 44
1749032827574 0.98585 45
1749032891587 0.99162 46
1749032955833 0.99096 47
1749033020152 0.99509 48
1749033085587 0.97848 49
1749033150139 0.95897 50
1749033215028 0.97179 51
1749033279824 0.97079 52
1749033345093 0.97784 53
1749033413849 0.96578 54
1749033478275 0.98903 55
1749033542720 0.98167 56
1749033607203 0.99465 57
1749033671626 0.98579 58
1749033736717 0.96275 59
1749033803032 0.99295 60
1749033866370 0.97059 61
1749033929838 0.97376 62
1749033994287 0.99221 63
1749034058849 0.98971 64
1749034123123 0.99164 65
1749034187123 0.99506 66
1749034251668 0.98873 67
1749034315423 0.99388 68
1749034379968 0.98814 69
1749034444388 0.98196 70
1749034508329 0.99181 71
1749034573380 0.99536 72
1749034637518 0.99498 73
1749034701382 0.99302 74
1749034765288 0.99404 75
1749034829323 0.99455 76
1749034893276 0.99211 77
1749034956931 0.99526 78
1749035020596 0.99383 79
1749035084340 0.99121 80
1749035148378 0.98793 81
1749035213402 0.98971 82
1749035277719 0.99341 83
1749035343079 0.98734 84
1749035407528 0.98994 85
1749035473100 0.97416 86
1749035537370 0.9521 87
1749035601972 0.98797 88
1749035666295 0.99023 89
1749035732123 0.99355 90
1749035795586 0.99533 91
1749035860149 0.995 92
1749035925881 0.99135 93
