1749029868591 1.0 0
1749029931836 1.0 1
1749029996016 0.62393 2
1749030060851 0.64108 3
1749030126384 0.69736 4
1749030192059 0.9353 5
1749030258188 0.77968 6
1749030324974 0.77996 7
1749030391689 0.84647 8
1749030457355 0.97359 9
1749030523934 0.8921 10
1749030590576 0.92725 11
1749030657553 0.84441 12
1749030723384 0.96623 13
1749030789495 0.96059 14
1749030855862 1.0 15
1749030922681 0.98717 16
1749030989145 0.81447 17
1749031055168 1.0 18
1749031121900 0.8317 19
1749031186838 0.83627 20
1749031252318 0.97536 21
1749031317509 0.95836 22
1749031383233 0.98279 23
1749031449841 0.97917 24
1749031516865 0.97831 25
1749031583825 0.99509 26
1749031650635 0.96645 27
1749031718456 0.98795 28
1749031788560 0.95542 29
1749031856238 0.99723 30
1749031922918 0.97586 31
1749031987326 0.96924 32
1749032051947 0.97417 33
1749032116490 0.99162 34
1749032180830 0.97727 35
1749032245243 0.97108 36
1749032309553 0.97627 37
1749032373875 0.95451 38
1749032439175 1.0 39
1749032504235 1.0 40
1749032568582 0.99156 41
1749032633219 1.0 42
1749032697823 0.99667 43
1749032762741 0.9966 44
1749032827574 1.0 45
1749032891587 1.0 46
1749032955833 1.0 47
1749033020152 1.0 48
1749033085587 0.99984 49
1749033150139 0.98202 50
1749033215028 1.0 51
1749033279824 1.0 52
1749033345093 0.99654 53
1749033413849 0.96557 54
1749033478275 0.96044 55
1749033542720 0.9949 56
1749033607203 1.0 57
1749033671626 1.0 58
1749033736717 0.97934 59
1749033803032 0.98499 60
1749033866370 0.99819 61
1749033929838 1.0 62
1749033994287 1.0 63
1749034058849 1.0 64
1749034123123 1.0 65
1749034187123 1.0 66
1749034251668 0.99581 67
1749034315423 0.98619 68
1749034379968 0.97917 69
1749034444388 0.99666 70
1749034508329 0.99948 71
1749034573380 1.0 72
1749034637518 1.0 73
1749034701382 1.0 74
1749034765288 1.0 75
1749034829323 1.0 76
1749034893276 0.99859 77
1749034956931 1.0 78
1749035020596 1.0 79
1749035084340 1.0 80
1749035148378 1.0 81
1749035213402 1.0 82
1749035277719 1.0 83
1749035343079 0.99626 84
1749035407528 0.98574 85
1749035473100 0.99285 86
1749035537370 0.97738 87
1749035601972 1.0 88
1749035666295 0.98799 89
1749035732123 1.0 90
1749035795586 1.0 91
1749035860149 1.0 92
1749035925881 1.0 93
