1749881392182 0.34458 0
1749881453555 0.40853 1
1749881515901 0.66032 2
1749881580536 0.68758 3
1749881645671 0.76073 4
1749881711262 0.85269 5
1749881775725 0.81317 6
1749881840680 0.87346 7
1749881905403 0.87344 8
1749881970804 0.84302 9
1749882035455 0.90245 10
1749882099606 0.87672 11
1749882164659 0.90783 12
1749882230620 0.86665 13
1749882295538 0.89756 14
1749882362080 0.92014 15
1749882426558 0.87684 16
1749882490634 0.90869 17
1749882556312 0.92078 18
1749882624795 0.91936 19
1749882690975 0.91933 20
1749882756193 0.9355 21
1749882821090 0.88965 22
1749882885396 0.88876 23
1749882949048 0.91963 24
1749883017208 0.9454 25
1749883084536 0.93495 26
1749883150451 0.94365 27
1749883215835 0.94257 28
1749883283377 0.93696 29
1749883352024 0.91205 30
1749883419646 0.93522 31
1749883487625 0.95339 32
1749883554642 0.94754 33
1749883620619 0.95587 34
1749883686309 0.92805 35
1749883750360 0.95058 36
1749883815307 0.95605 37
1749883879425 0.94212 38
1749883943386 0.96384 39
1749884007779 0.97045 40
1749884072014 0.95099 41
1749884136817 0.95195 42
1749884201120 0.97497 43
1749884266105 0.9595 44
1749884329865 0.95723 45
1749884394544 0.95071 46
1749884459844 0.93481 47
1749884523585 0.96039 48
1749884587824 0.96367 49
1749884652343 0.9626 50
1749884716315 0.94977 51
1749884780111 0.95195 52
1749884844519 0.9596 53
1749884908934 0.94138 54
1749884973194 0.96868 55
1749885037563 0.95507 56
1749885101682 0.9669 57
1749885167263 0.97518 58
1749885232751 0.95426 59
1749885296706 0.96445 60
1749885361016 0.97216 61
1749885429412 0.96254 62
1749885493487 0.93907 63
1749885557235 0.9684 64
1749885621505 0.96957 65
1749885686463 0.97447 66
1749885750320 0.96973 67
1749885814120 0.96912 68
1749885877888 0.97714 69
1749885941833 0.96939 70
1749886006257 0.95396 71
1749886072190 0.97104 72
1749886136305 0.9671 73
1749886199944 0.96218 74
1749886263518 0.97239 75
1749886327474 0.976 76
1749886391312 0.96683 77
1749886454951 0.98084 78
1749886518423 0.97871 79
1749886582319 0.97998 80
1749886645681 0.98249 81
1749886708762 0.9871 82
1749886772510 0.98428 83
1749886836877 0.98431 84
1749886900945 0.98231 85
1749886965309 0.97969 86
1749887029056 0.97621 87
1749887092439 0.98654 88
1749887156289 0.98439 89
1749887220630 0.98296 90
1749887284924 0.9845 91
1749887349210 0.97976 92
1749887413746 0.98553 93
1749887477028 0.98665 94
1749887541689 0.97734 95
1749887605888 0.97863 96
1749887669641 0.98672 97
1749887735466 0.98464 98
1749887801957 0.99157 99
1749887866887 0.98879 100
1749887929864 0.98276 101
1749887993226 0.99312 102
1749888055846 0.98902 103
1749888118479 0.99024 104
1749888181042 0.98548 105
1749888243850 0.98479 106
1749888306627 0.98685 107
1749888370117 0.99077 108
1749888435197 0.98739 109
1749888499938 0.99302 110
1749888563385 0.99071 111
1749888626175 0.99056 112
1749888689595 0.99292 113
1749888753604 0.98843 114
1749888817340 0.99318 115
1749888881042 0.98728 116
1749888944627 0.98435 117
