1749881392182 0.35948 0
1749881453555 0.43814 1
1749881515901 0.6864 2
1749881580536 0.74013 3
1749881645671 0.79452 4
1749881711262 0.90391 5
1749881775725 0.84566 6
1749881840680 0.93329 7
1749881905403 0.91155 8
1749881970804 0.9361 9
1749882035455 0.97458 10
1749882099606 0.93788 11
1749882164659 0.9808 12
1749882230620 0.91201 13
1749882295538 0.95484 14
1749882362080 0.96604 15
1749882426558 0.9451 16
1749882490634 0.96459 17
1749882556312 0.96553 18
1749882624795 0.96259 19
1749882690975 0.95108 20
1749882756193 0.95777 21
1749882821090 0.92986 22
1749882885396 0.93355 23
1749882949048 0.95314 24
1749883017208 0.98807 25
1749883084536 0.97104 26
1749883150451 0.97956 27
1749883215835 0.9813 28
1749883283377 0.97023 29
1749883352024 0.9492 30
1749883419646 0.97729 31
1749883487625 0.97369 32
1749883554642 0.98328 33
1749883620619 0.99366 34
1749883686309 0.96502 35
1749883750360 0.96333 36
1749883815307 0.97248 37
1749883879425 0.97747 38
1749883943386 0.9876 39
1749884007779 0.99275 40
1749884072014 0.98711 41
1749884136817 0.98095 42
1749884201120 0.98604 43
1749884266105 0.97914 44
1749884329865 0.98296 45
1749884394544 0.98167 46
1749884459844 0.96813 47
1749884523585 0.98692 48
1749884587824 0.99113 49
1749884652343 0.98533 50
1749884716315 0.98417 51
1749884780111 0.98543 52
1749884844519 0.98216 53
1749884908934 0.98109 54
1749884973194 0.99289 55
1749885037563 0.9833 56
1749885101682 0.99034 57
1749885167263 0.99367 58
1749885232751 0.98355 59
1749885296706 0.98361 60
1749885361016 0.9907 61
1749885429412 0.97271 62
1749885493487 0.96218 63
1749885557235 0.99376 64
1749885621505 0.995 65
1749885686463 0.99377 66
1749885750320 0.98676 67
1749885814120 0.99119 68
1749885877888 0.99212 69
1749885941833 0.99276 70
1749886006257 0.97113 71
1749886072190 0.98694 72
1749886136305 0.99235 73
1749886199944 0.99128 74
1749886263518 0.99135 75
1749886327474 0.99342 76
1749886391312 0.99106 77
1749886454951 0.98275 78
1749886518423 0.98755 79
1749886582319 0.995 80
1749886645681 0.99286 81
1749886708762 0.99295 82
1749886772510 0.99082 83
1749886836877 0.995 84
1749886900945 0.995 85
1749886965309 0.99377 86
1749887029056 0.99256 87
1749887092439 0.99267 88
1749887156289 0.995 89
1749887220630 0.995 90
1749887284924 0.995 91
1749887349210 0.995 92
1749887413746 0.99382 93
1749887477028 0.995 94
1749887541689 0.99279 95
1749887605888 0.995 96
1749887669641 0.995 97
1749887735466 0.995 98
1749887801957 0.995 99
1749887866887 0.99086 100
1749887929864 0.98909 101
1749887993226 0.995 102
1749888055846 0.99321 103
1749888118479 0.995 104
1749888181042 0.995 105
1749888243850 0.995 106
1749888306627 0.99383 107
1749888370117 0.98969 108
1749888435197 0.99111 109
1749888499938 0.995 110
1749888563385 0.99279 111
1749888626175 0.98794 112
1749888689595 0.99292 113
1749888753604 0.98843 114
1749888817340 0.99318 115
1749888881042 0.99316 116
1749888944627 0.99321 117
