1749881392182 0.37772 0
1749881453555 0.45564 1
1749881515901 0.7329 2
1749881580536 0.78258 3
1749881645671 0.86248 4
1749881711262 0.98014 5
1749881775725 0.96963 6
1749881840680 0.99031 7
1749881905403 0.97595 8
1749881970804 0.995 9
1749882035455 0.995 10
1749882099606 0.97537 11
1749882164659 0.995 12
1749882230620 0.96117 13
1749882295538 0.99214 14
1749882362080 0.9886 15
1749882426558 0.984 16
1749882490634 0.99346 17
1749882556312 0.98537 18
1749882624795 0.98638 19
1749882690975 0.98512 20
1749882756193 0.99346 21
1749882821090 0.99119 22
1749882885396 0.98668 23
1749882949048 0.99087 24
1749883017208 0.995 25
1749883084536 0.99346 26
1749883150451 0.99346 27
1749883215835 0.995 28
1749883283377 0.995 29
1749883352024 0.9886 30
1749883419646 0.99346 31
1749883487625 0.99048 32
1749883554642 0.99346 33
1749883620619 0.995 34
1749883686309 0.98933 35
1749883750360 0.98912 36
1749883815307 0.995 37
1749883879425 0.995 38
1749883943386 0.995 39
1749884007779 0.995 40
1749884072014 0.995 41
1749884136817 0.995 42
1749884201120 0.995 43
1749884266105 0.995 44
1749884329865 0.995 45
1749884394544 0.995 46
1749884459844 0.995 47
1749884523585 0.99019 48
1749884587824 0.995 49
1749884652343 0.995 50
1749884716315 0.995 51
1749884780111 0.995 52
1749884844519 0.995 53
1749884908934 0.995 54
1749884973194 0.995 55
1749885037563 0.995 56
1749885101682 0.995 57
1749885167263 0.995 58
1749885232751 0.995 59
1749885296706 0.99346 60
1749885361016 0.995 61
1749885429412 0.995 62
1749885493487 0.995 63
1749885557235 0.995 64
1749885621505 0.995 65
1749885686463 0.995 66
1749885750320 0.99346 67
1749885814120 0.995 68
1749885877888 0.995 69
1749885941833 0.995 70
1749886006257 0.995 71
1749886072190 0.995 72
1749886136305 0.995 73
1749886199944 0.995 74
1749886263518 0.995 75
1749886327474 0.995 76
1749886391312 0.995 77
1749886454951 0.995 78
1749886518423 0.995 79
1749886582319 0.995 80
1749886645681 0.995 81
1749886708762 0.995 82
1749886772510 0.995 83
1749886836877 0.995 84
1749886900945 0.995 85
1749886965309 0.995 86
1749887029056 0.995 87
1749887092439 0.995 88
1749887156289 0.995 89
1749887220630 0.995 90
1749887284924 0.995 91
1749887349210 0.995 92
1749887413746 0.995 93
1749887477028 0.995 94
1749887541689 0.995 95
1749887605888 0.995 96
1749887669641 0.995 97
1749887735466 0.995 98
1749887801957 0.995 99
1749887866887 0.995 100
1749887929864 0.995 101
1749887993226 0.995 102
1749888055846 0.995 103
1749888118479 0.995 104
1749888181042 0.995 105
1749888243850 0.995 106
1749888306627 0.995 107
1749888370117 0.995 108
1749888435197 0.995 109
1749888499938 0.995 110
1749888563385 0.995 111
1749888626175 0.995 112
1749888689595 0.995 113
1749888753604 0.995 114
1749888817340 0.995 115
1749888881042 0.995 116
1749888944627 0.995 117
