1749881392182 0.00337 0
1749881453555 0.00346 1
1749881515901 0.76154 2
1749881580536 0.79899 3
1749881645671 0.84189 4
1749881711262 0.8925 5
1749881775725 0.91604 6
1749881840680 0.97106 7
1749881905403 0.88742 8
1749881970804 0.98421 9
1749882035455 0.85476 10
1749882099606 0.84152 11
1749882164659 0.96092 12
1749882230620 0.89141 13
1749882295538 0.95772 14
1749882362080 0.91376 15
1749882426558 0.91796 16
1749882490634 0.97357 17
1749882556312 0.94461 18
1749882624795 0.91608 19
1749882690975 0.93957 20
1749882756193 0.99158 21
1749882821090 0.9433 22
1749882885396 0.93678 23
1749882949048 0.98008 24
1749883017208 0.98938 25
1749883084536 0.99513 26
1749883150451 0.9799 27
1749883215835 0.99081 28
1749883283377 0.99363 29
1749883352024 0.95413 30
1749883419646 0.97432 31
1749883487625 0.98842 32
1749883554642 0.98329 33
1749883620619 0.97276 34
1749883686309 0.98858 35
1749883750360 0.98095 36
1749883815307 0.97876 37
1749883879425 0.99293 38
1749883943386 0.97769 39
1749884007779 0.98559 40
1749884072014 0.98908 41
1749884136817 0.99222 42
1749884201120 0.9602 43
1749884266105 0.97948 44
1749884329865 0.99239 45
1749884394544 0.98201 46
1749884459844 0.97927 47
1749884523585 0.97434 48
1749884587824 0.99376 49
1749884652343 0.97811 50
1749884716315 0.98254 51
1749884780111 0.98917 52
1749884844519 0.99418 53
1749884908934 0.99184 54
1749884973194 0.98757 55
1749885037563 0.99013 56
1749885101682 0.99392 57
1749885167263 0.98935 58
1749885232751 0.98963 59
1749885296706 0.96513 60
1749885361016 0.98207 61
1749885429412 0.97651 62
1749885493487 0.98 63
1749885557235 0.99211 64
1749885621505 0.98363 65
1749885686463 0.98898 66
1749885750320 0.99468 67
1749885814120 0.99092 68
1749885877888 0.97459 69
1749885941833 0.98777 70
1749886006257 0.98685 71
1749886072190 0.99397 72
1749886136305 0.99317 73
1749886199944 0.99186 74
1749886263518 0.99323 75
1749886327474 0.99362 76
1749886391312 0.9697 77
1749886454951 0.99427 78
1749886518423 0.99115 79
1749886582319 0.98428 80
1749886645681 0.97138 81
1749886708762 0.9835 82
1749886772510 0.98736 83
1749886836877 0.99119 84
1749886900945 0.99213 85
1749886965309 0.99449 86
1749887029056 0.98957 87
1749887092439 0.98102 88
1749887156289 0.9952 89
1749887220630 0.99519 90
1749887284924 0.99509 91
1749887349210 0.99374 92
1749887413746 0.98589 93
1749887477028 0.98251 94
1749887541689 0.98477 95
1749887605888 0.98224 96
1749887669641 0.99371 97
1749887735466 0.99406 98
1749887801957 0.99418 99
1749887866887 0.99481 100
1749887929864 0.99488 101
1749887993226 0.99362 102
1749888055846 0.99437 103
1749888118479 0.9944 104
1749888181042 0.9959 105
1749888243850 0.99578 106
1749888306627 0.99545 107
1749888370117 0.99484 108
1749888435197 0.99306 109
1749888499938 0.9928 110
1749888563385 0.99385 111
1749888626175 0.99467 112
1749888689595 0.99407 113
1749888753604 0.99351 114
1749888817340 0.99403 115
1749888881042 0.99439 116
1749888944627 0.9948 117
