1749881392182 1.0 0
1749881453555 1.0 1
1749881515901 0.52902 2
1749881580536 0.58947 3
1749881645671 0.71718 4
1749881711262 0.925 5
1749881775725 0.74828 6
1749881840680 0.97434 7
1749881905403 0.90817 8
1749881970804 1.0 9
1749882035455 0.99422 10
1749882099606 0.89288 11
1749882164659 1.0 12
1749882230620 1.0 13
1749882295538 0.96043 14
1749882362080 0.96554 15
1749882426558 0.93143 16
1749882490634 0.9722 17
1749882556312 0.93561 18
1749882624795 0.89589 19
1749882690975 0.97438 20
1749882756193 0.97465 21
1749882821090 0.95739 22
1749882885396 0.89845 23
1749882949048 0.92452 24
1749883017208 1.0 25
1749883084536 0.96251 26
1749883150451 0.97467 27
1749883215835 1.0 28
1749883283377 1.0 29
1749883352024 0.97917 30
1749883419646 0.97917 31
1749883487625 0.93851 32
1749883554642 0.97616 33
1749883620619 1.0 34
1749883686309 0.93902 35
1749883750360 0.94154 36
1749883815307 0.99647 37
1749883879425 1.0 38
1749883943386 0.99688 39
1749884007779 0.99705 40
1749884072014 1.0 41
1749884136817 0.98992 42
1749884201120 1.0 43
1749884266105 0.99899 44
1749884329865 1.0 45
1749884394544 0.99418 46
1749884459844 1.0 47
1749884523585 1.0 48
1749884587824 1.0 49
1749884652343 0.94499 50
1749884716315 1.0 51
1749884780111 1.0 52
1749884844519 1.0 53
1749884908934 1.0 54
1749884973194 1.0 55
1749885037563 1.0 56
1749885101682 1.0 57
1749885167263 1.0 58
1749885232751 0.99926 59
1749885296706 1.0 60
1749885361016 1.0 61
1749885429412 1.0 62
1749885493487 0.99554 63
1749885557235 0.99959 64
1749885621505 1.0 65
1749885686463 0.95936 66
1749885750320 0.97896 67
1749885814120 1.0 68
1749885877888 1.0 69
1749885941833 1.0 70
1749886006257 1.0 71
1749886072190 1.0 72
1749886136305 1.0 73
1749886199944 1.0 74
1749886263518 1.0 75
1749886327474 1.0 76
1749886391312 0.99645 77
1749886454951 1.0 78
1749886518423 1.0 79
1749886582319 0.99725 80
1749886645681 0.98943 81
1749886708762 0.98937 82
1749886772510 0.998 83
1749886836877 1.0 84
1749886900945 1.0 85
1749886965309 1.0 86
1749887029056 1.0 87
1749887092439 1.0 88
1749887156289 1.0 89
1749887220630 1.0 90
1749887284924 1.0 91
1749887349210 1.0 92
1749887413746 1.0 93
1749887477028 0.98165 94
1749887541689 0.98228 95
1749887605888 0.99748 96
1749887669641 1.0 97
1749887735466 1.0 98
1749887801957 1.0 99
1749887866887 1.0 100
1749887929864 1.0 101
1749887993226 1.0 102
1749888055846 1.0 103
1749888118479 1.0 104
1749888181042 1.0 105
1749888243850 1.0 106
1749888306627 1.0 107
1749888370117 1.0 108
1749888435197 1.0 109
1749888499938 1.0 110
1749888563385 1.0 111
1749888626175 1.0 112
1749888689595 1.0 113
1749888753604 1.0 114
1749888817340 1.0 115
1749888881042 1.0 116
1749888944627 1.0 117
