1749871672782 0.000125 0
1749871736749 0.00026247150255901276 1
1749871799888 0.00039982632035957393 2
1749871861743 0.0005369749864324471 3
1749871926395 0.0006738281765967407 4
1749871991285 0.0008102967747934275 5
1749872056641 0.0009462919382931332 6
1749872122554 0.0010817251627381387 7
1749872191150 0.0012165083469786277 8
1749872256816 0.0012390402363883762 9
1749872323043 0.0012364788279540424 10
1749872389803 0.001233651946152768 11
1749872455121 0.0012305608309483406 12
1749872520233 0.001227206838206051 13
1749872586694 0.0012235914390979665 14
1749872654212 0.0012197162194576264 15
1749872719986 0.0012155828790844415 16
1749872787449 0.001211193230998108 17
1749872851913 0.0012065492006433556 18
1749872916685 0.0012016528250453848 19
1749872980929 0.0011965062519163593 20
1749873045890 0.0011911117387133497 21
1749873110734 0.0011854716516481367 22
1749873176928 0.0011795884646493141 23
1749873244119 0.0011734647582771407 24
1749873309696 0.0011671032185916214 25
1749873376146 0.0011605066359743135 26
1749873440651 0.0011536779039043718 27
1749873505154 0.001146620017689374 28
1749873570374 0.0011393360731514794 29
1749873635702 0.0011318292652694989 30
1749873701081 0.0011241028867774714 31
1749873765648 0.0011161603267203636 32
1749873830513 0.0011080050689675196 33
1749873895567 0.0010996406906845241 34
1749873959845 0.001091070860764138 35
1749874023926 0.0010822993382169986 36
1749874088423 0.0010733299705227971 37
1749874152933 0.001064166691942645 38
1749874217807 0.0010548135217933762 39
1749874283901 0.0010452745626845436 40
1749874347688 0.0010355539987188778 41
1749874411830 0.0010256560936570019 42
1749874475633 0.0010155851890472046 43
1749874539370 0.0010053457023210947 44
1749874604276 0.0009949421248559678 45
1749874668980 0.0009843790200047423 46
1749874733017 0.0009736610210943192 47
1749874796793 0.0009627928293932542 48
1749874859827 0.0009517792120496243 49
1749874922955 0.000940625 50
1749874985825 0.0009293350858504363 51
1749875049155 0.0009179144217304144 52
1749875112577 0.000906368017120674 53
1749875175839 0.0008947009366558886 54
1749875239373 0.0008829182979031514 55
1749875302544 0.0008710252691172388 56
1749875366639 0.0008590270669736447 57
1749875429794 0.0008469289542803732 58
1749875494071 0.0008347362376694983 59
1749875557712 0.0008224542652694989 60
1749875621490 0.0008100884243593917 61
1749875685353 0.0007976441390056958 62
1749875748992 0.0007851268676832539 63
1749875812910 0.0007725421008809683 64
1749875875833 0.0007598953586934887 65
1749875939351 0.0007471921883999172 66
1749876003508 0.0007344381620305883 67
1749876068866 0.0007216388739229922 68
1749876132222 0.0007087999382679133 69
1749876196089 0.0006959269866468607 70
1749876260017 0.0006830256655618702 71
1749876324374 0.0006701016339587628 72
1749876388434 0.0006571605607449424 73
1749876452449 0.0006442081223028273 74
1749876516605 0.0006312500000000002 75
1749876581463 0.000618291877697173 76
1749876646595 0.0006053394392550578 77
1749876711149 0.0005923983660412374 78
1749876777004 0.0005794743344381298 79
1749876840825 0.0005665730133531396 80
1749876906438 0.0005537000617320867 81
1749876970471 0.000540861126077008 82
1749877034703 0.0005280618379694116 83
1749877098467 0.0005153078116000829 84
1749877163552 0.0005026046413065114 85
1749877227679 0.0004899578991190319 86
1749877293637 0.0004773731323167463 87
1749877358431 0.00046485586099430463 88
1749877422983 0.00045241157564060805 89
1749877488000 0.00044004573473050134 90
1749877551819 0.0004277637623305017 91
1749877616280 0.000415571045719627 92
1749877679251 0.0004034729330263556 93
1749877742106 0.0003914747308827614 94
1749877805797 0.0003795817020968487 95
1749877869805 0.00036779906334411124 96
1749877934714 0.00035613198287932636 97
1749878000723 0.0003445855782695857 98
1749878064325 0.00033316491414956366 99
1749878128099 0.00032187499999999995 100
1749878192222 0.0003107207879503758 101
1749878255412 0.0002997071706067459 102
1749878319013 0.00028883897890568083 103
