1749029832748 0.50418 0
1749029897546 0.4853 1
1749029960255 0.49809 2
1749030024353 0.49588 3
1749030089040 0.49978 4
1749030154337 0.52589 5
1749030220504 0.48312 6
1749030287032 0.49421 7
1749030353672 0.48083 8
1749030420127 0.51619 9
1749030486595 0.50985 10
1749030553422 0.46712 11
1749030620048 0.46222 12
1749030686423 0.42724 13
1749030752472 0.45078 14
1749030818775 0.45019 15
1749030885378 0.42217 16
1749030951954 0.4165 17
1749031017998 0.42632 18
1749031084412 0.43842 19
1749031149371 0.39875 20
1749031214997 0.43359 21
1749031280257 0.43505 22
1749031345771 0.3946 23
1749031412399 0.4012 24
1749031479257 0.40971 25
1749031546265 0.37909 26
1749031612954 0.39041 27
1749031680590 0.37287 28
1749031749779 0.39222 29
1749031819195 0.35884 30
1749031885790 0.384 31
1749031950100 0.37764 32
1749032014862 0.3729 33
1749032079380 0.35555 34
1749032143871 0.36686 35
1749032208173 0.36633 36
1749032272724 0.36285 37
1749032337052 0.3536 38
1749032402054 0.37212 39
1749032467320 0.36984 40
1749032532241 0.35224 41
1749032596861 0.34466 42
1749032661409 0.33352 43
1749032726219 0.3211 44
1749032791375 0.33473 45
1749032855383 0.36602 46
1749032919700 0.33533 47
1749032984097 0.33436 48
1749033049387 0.2989 49
1749033113786 0.31927 50
1749033178613 0.33255 51
1749033243444 0.31881 52
1749033308044 0.31562 53
1749033375410 0.33737 54
1749033441619 0.29309 55
1749033505883 0.35351 56
1749033570381 0.33829 57
1749033634960 0.30098 58
1749033699166 0.30746 59
1749033766225 0.32324 60
1749033830197 0.30971 61
1749033893390 0.32251 62
1749033958034 0.3059 63
1749034022481 0.30972 64
1749034086670 0.30319 65
1749034150948 0.31307 66
1749034215287 0.31233 67
1749034279485 0.29914 68
1749034343697 0.30778 69
1749034408354 0.30694 70
1749034472246 0.3167 71
1749034537011 0.29269 72
1749034601527 0.30774 73
1749034665695 0.29809 74
1749034729709 0.31177 75
1749034793541 0.29325 76
1749034857575 0.30072 77
1749034921167 0.3114 78
1749034984863 0.29466 79
1749035048396 0.29539 80
1749035112326 0.279 81
1749035177443 0.26198 82
1749035241864 0.29346 83
1749035306649 0.28687 84
1749035371402 0.28552 85
1749035436644 0.26008 86
1749035500964 0.28863 87
1749035565477 0.2835 88
1749035629628 0.29644 89
1749035694856 0.27166 90
1749035759468 0.25877 91
1749035823352 0.26326 92
1749035889351 0.27137 93
1749035954228 0.28197 94
