1749029832748 3.08696 0
1749029897546 2.38933 1
1749029960255 1.98493 2
1749030024353 1.59543 3
1749030089040 1.42345 4
1749030154337 1.35324 5
1749030220504 1.2677 6
1749030287032 1.21862 7
1749030353672 1.11488 8
1749030420127 1.15869 9
1749030486595 1.09868 10
1749030553422 1.00007 11
1749030620048 0.99382 12
1749030686423 0.90524 13
1749030752472 0.8709 14
1749030818775 0.90695 15
1749030885378 0.84414 16
1749030951954 0.83069 17
1749031017998 0.83823 18
1749031084412 0.80645 19
1749031149371 0.76004 20
1749031214997 0.75316 21
1749031280257 0.76135 22
1749031345771 0.70643 23
1749031412399 0.68526 24
1749031479257 0.70024 25
1749031546265 0.66437 26
1749031612954 0.62262 27
1749031680590 0.61454 28
1749031749779 0.64345 29
1749031819195 0.57433 30
1749031885790 0.60674 31
1749031950100 0.59987 32
1749032014862 0.55411 33
1749032079380 0.58469 34
1749032143871 0.56821 35
1749032208173 0.55374 36
1749032272724 0.5611 37
1749032337052 0.53415 38
1749032402054 0.5404 39
1749032467320 0.5234 40
1749032532241 0.51832 41
1749032596861 0.51671 42
1749032661409 0.47882 43
1749032726219 0.47212 44
1749032791375 0.48022 45
1749032855383 0.49635 46
1749032919700 0.45901 47
1749032984097 0.4683 48
1749033049387 0.42499 49
1749033113786 0.4493 50
1749033178613 0.43835 51
1749033243444 0.44095 52
1749033308044 0.42208 53
1749033375410 0.43435 54
1749033441619 0.41947 55
1749033505883 0.46792 56
1749033570381 0.46972 57
1749033634960 0.44327 58
1749033699166 0.42013 59
1749033766225 0.42162 60
1749033830197 0.40171 61
1749033893390 0.41194 62
1749033958034 0.36865 63
1749034022481 0.39833 64
1749034086670 0.38124 65
1749034150948 0.37289 66
1749034215287 0.37658 67
1749034279485 0.36414 68
1749034343697 0.3809 69
1749034408354 0.37353 70
1749034472246 0.37871 71
1749034537011 0.33796 72
1749034601527 0.37236 73
1749034665695 0.35472 74
1749034729709 0.37208 75
1749034793541 0.34165 76
1749034857575 0.36147 77
1749034921167 0.35281 78
1749034984863 0.34875 79
1749035048396 0.33352 80
1749035112326 0.32614 81
1749035177443 0.3141 82
1749035241864 0.34255 83
1749035306649 0.33192 84
1749035371402 0.32815 85
1749035436644 0.3145 86
1749035500964 0.35092 87
1749035565477 0.31239 88
1749035629628 0.33924 89
1749035694856 0.31772 90
1749035759468 0.29124 91
1749035823352 0.31227 92
1749035889351 0.31414 93
1749035954228 0.32079 94
