1749029832748 1.04117 0
1749029897546 0.99695 1
1749029960255 0.99046 2
1749030024353 0.99928 3
1749030089040 1.00556 4
1749030154337 0.99478 5
1749030220504 0.98405 6
1749030287032 0.99693 7
1749030353672 0.97106 8
1749030420127 0.99709 9
1749030486595 0.98172 10
1749030553422 0.96536 11
1749030620048 0.96316 12
1749030686423 0.95599 13
1749030752472 0.96348 14
1749030818775 0.96947 15
1749030885378 0.95796 16
1749030951954 0.95333 17
1749031017998 0.95488 18
1749031084412 0.96294 19
1749031149371 0.92423 20
1749031214997 0.96706 21
1749031280257 0.96312 22
1749031345771 0.9397 23
1749031412399 0.94318 24
1749031479257 0.95378 25
1749031546265 0.92955 26
1749031612954 0.921 27
1749031680590 0.93944 28
1749031749779 0.95089 29
1749031819195 0.91294 30
1749031885790 0.94829 31
1749031950100 0.93849 32
1749032014862 0.91801 33
1749032079380 0.9151 34
1749032143871 0.93626 35
1749032208173 0.91437 36
1749032272724 0.91938 37
1749032337052 0.92674 38
1749032402054 0.91392 39
1749032467320 0.91885 40
1749032532241 0.92486 41
1749032596861 0.91446 42
1749032661409 0.90562 43
1749032726219 0.90558 44
1749032791375 0.91255 45
1749032855383 0.92284 46
1749032919700 0.92083 47
1749032984097 0.91321 48
1749033049387 0.89993 49
1749033113786 0.89442 50
1749033178613 0.90727 51
1749033243444 0.90725 52
1749033308044 0.91205 53
1749033375410 0.9083 54
1749033441619 0.90164 55
1749033505883 0.93235 56
1749033570381 0.91075 57
1749033634960 0.8997 58
1749033699166 0.91467 59
1749033766225 0.90956 60
1749033830197 0.90937 61
1749033893390 0.89901 62
1749033958034 0.89745 63
1749034022481 0.90781 64
1749034086670 0.91372 65
1749034150948 0.89858 66
1749034215287 0.90535 67
1749034279485 0.89739 68
1749034343697 0.89433 69
1749034408354 0.90014 70
1749034472246 0.90716 71
1749034537011 0.89448 72
1749034601527 0.89071 73
1749034665695 0.89133 74
1749034729709 0.903 75
1749034793541 0.89548 76
1749034857575 0.90302 77
1749034921167 0.88733 78
1749034984863 0.89794 79
1749035048396 0.89635 80
1749035112326 0.884 81
1749035177443 0.88604 82
1749035241864 0.89861 83
1749035306649 0.88211 84
1749035371402 0.89887 85
1749035436644 0.88431 86
1749035500964 0.89524 87
1749035565477 0.89457 88
1749035629628 0.89692 89
1749035694856 0.89098 90
1749035759468 0.88225 91
1749035823352 0.89248 92
1749035889351 0.89674 93
1749035954228 0.88721 94
