1749029832748 2.15582 0
1749029897546 0.65338 1
1749029960255 0.54275 2
1749030024353 0.52364 3
1749030089040 0.42146 4
1749030154337 0.41846 5
1749030220504 0.42321 6
1749030287032 0.42099 7
1749030353672 0.43015 8
1749030420127 0.37933 9
1749030486595 0.40218 10
1749030553422 0.35152 11
1749030620048 0.36241 12
1749030686423 0.3377 13
1749030752472 0.34923 14
1749030818775 0.35038 15
1749030885378 0.30869 16
1749030951954 0.35215 17
1749031017998 0.33379 18
1749031084412 0.34148 19
1749031149371 0.34888 20
1749031214997 0.28276 21
1749031280257 0.35173 22
1749031345771 0.31094 23
1749031412399 0.34043 24
1749031479257 0.34858 25
1749031546265 0.30379 26
1749031612954 0.36108 27
1749031680590 0.34174 28
1749031749779 0.34804 29
1749031819195 0.30739 30
1749031885790 0.31314 31
1749031950100 0.28677 32
1749032014862 0.29642 33
1749032079380 0.29061 34
1749032143871 0.34316 35
1749032208173 0.33687 36
1749032272724 0.28399 37
1749032337052 0.27979 38
1749032402054 0.30075 39
1749032467320 0.30616 40
1749032532241 0.34809 41
1749032596861 0.29366 42
1749032661409 0.26406 43
1749032726219 0.25656 44
1749032791375 0.29307 45
1749032855383 0.28044 46
1749032919700 0.27021 47
1749032984097 0.27477 48
1749033049387 0.25538 49
1749033113786 0.28154 50
1749033178613 0.30423 51
1749033243444 0.29489 52
1749033308044 0.27293 53
1749033375410 0.2874 54
1749033441619 0.26404 55
1749033505883 0.27954 56
1749033570381 0.29753 57
1749033634960 0.25419 58
1749033699166 0.28653 59
1749033766225 0.3086 60
1749033830197 0.2755 61
1749033893390 0.29698 62
1749033958034 0.27022 63
1749034022481 0.26675 64
1749034086670 0.27128 65
1749034150948 0.28251 66
1749034215287 0.24252 67
1749034279485 0.26782 68
1749034343697 0.24805 69
1749034408354 0.25573 70
1749034472246 0.35445 71
1749034537011 0.25336 72
1749034601527 0.27061 73
1749034665695 0.24508 74
1749034729709 0.26084 75
1749034793541 0.23461 76
1749034857575 0.26848 77
1749034921167 0.30867 78
1749034984863 0.29289 79
1749035048396 0.27097 80
1749035112326 0.25937 81
1749035177443 0.22149 82
1749035241864 0.26485 83
1749035306649 0.27675 84
1749035371402 0.24957 85
1749035436644 0.23683 86
1749035500964 0.27453 87
1749035565477 0.23677 88
1749035629628 0.26764 89
1749035694856 0.26532 90
1749035759468 0.25084 91
1749035823352 0.25217 92
1749035889351 0.24326 93
1749035954228 0.26721 94
