1749040782780 0.32132 0
1749040846859 0.43217 1
1749040911355 0.63657 2
1749040975806 0.70673 3
1749041040346 0.73976 4
1749041104920 0.84626 5
1749041170487 0.7608 6
1749041236332 0.80486 7
1749041301130 0.74429 8
1749041365628 0.84459 9
1749041430103 0.9065 10
1749041495699 0.88604 11
1749041560711 0.86856 12
1749041625582 0.85823 13
1749041691644 0.90213 14
1749041759442 0.85473 15
1749041824346 0.88946 16
1749041888841 0.9318 17
1749041954977 0.91528 18
1749042020750 0.88886 19
1749042085521 0.92353 20
1749042151642 0.88773 21
1749042216109 0.94364 22
1749042280161 0.926 23
1749042344595 0.9166 24
1749042409151 0.8963 25
1749042474612 0.91428 26
1749042539114 0.93645 27
1749042604601 0.9447 28
1749042669343 0.94726 29
1749042733630 0.94581 30
1749042798816 0.93937 31
1749042865336 0.96088 32
1749042930396 0.94489 33
1749042996473 0.89294 34
1749043064320 0.96545 35
1749043129031 0.95051 36
1749043193431 0.92669 37
1749043258151 0.9392 38
1749043322161 0.93898 39
1749043385880 0.96822 40
1749043450267 0.9602 41
1749043515210 0.94387 42
1749043579682 0.97442 43
1749043644001 0.97731 44
1749043709127 0.96992 45
1749043774262 0.94205 46
1749043839703 0.95226 47
1749043903710 0.96678 48
1749043969544 0.97905 49
1749044032524 0.97679 50
1749044095725 0.9592 51
1749044158733 0.97188 52
1749044222123 0.96742 53
1749044285922 0.9685 54
1749044350551 0.97001 55
1749044415321 0.97985 56
1749044481804 0.97491 57
1749044548466 0.97705 58
1749044614943 0.96091 59
1749044681967 0.96147 60
1749044749276 0.96652 61
1749044818425 0.9609 62
1749044884582 0.96674 63
1749044949223 0.9594 64
1749045013332 0.9692 65
1749045077469 0.97162 66
1749045142985 0.95152 67
1749045207637 0.96624 68
1749045271615 0.98696 69
1749045336052 0.97338 70
1749045399442 0.98171 71
1749045463699 0.97198 72
1749045526715 0.9748 73
1749045591328 0.98877 74
1749045654303 0.97138 75
1749045718971 0.96746 76
1749045782939 0.98027 77
1749045845736 0.98014 78
1749045908271 0.97413 79
1749045970941 0.97885 80
1749046033487 0.98189 81
1749046096301 0.97774 82
1749046159660 0.97451 83
1749046223389 0.98198 84
1749046286876 0.97728 85
1749046350129 0.97672 86
1749046413540 0.98931 87
1749046477157 0.98731 88
1749046540527 0.98946 89
1749046603869 0.9916 90
1749046666924 0.98326 91
1749046730555 0.98318 92
1749046793831 0.98447 93
1749046857465 0.98503 94
1749046921086 0.98863 95
