1749040782780 0.36604 0
1749040846859 0.4777 1
1749040911355 0.70463 2
1749040975806 0.79481 3
1749041040346 0.83193 4
1749041104920 0.9648 5
1749041170487 0.91057 6
1749041236332 0.97794 7
1749041301130 0.92783 8
1749041365628 0.95176 9
1749041430103 0.99368 10
1749041495699 0.99214 11
1749041560711 0.9801 12
1749041625582 0.99214 13
1749041691644 0.99346 14
1749041759442 0.99273 15
1749041824346 0.995 16
1749041888841 0.995 17
1749041954977 0.995 18
1749042020750 0.995 19
1749042085521 0.995 20
1749042151642 0.93075 21
1749042216109 0.995 22
1749042280161 0.995 23
1749042344595 0.995 24
1749042409151 0.995 25
1749042474612 0.99346 26
1749042539114 0.99346 27
1749042604601 0.995 28
1749042669343 0.995 29
1749042733630 0.995 30
1749042798816 0.995 31
1749042865336 0.995 32
1749042930396 0.99346 33
1749042996473 0.995 34
1749043064320 0.99273 35
1749043129031 0.98818 36
1749043193431 0.995 37
1749043258151 0.995 38
1749043322161 0.995 39
1749043385880 0.995 40
1749043450267 0.995 41
1749043515210 0.995 42
1749043579682 0.995 43
1749043644001 0.995 44
1749043709127 0.995 45
1749043774262 0.99019 46
1749043839703 0.995 47
1749043903710 0.995 48
1749043969544 0.995 49
1749044032524 0.995 50
1749044095725 0.995 51
1749044158733 0.995 52
1749044222123 0.995 53
1749044285922 0.995 54
1749044350551 0.99192 55
1749044415321 0.995 56
1749044481804 0.99192 57
1749044548466 0.995 58
1749044614943 0.99192 59
1749044681967 0.995 60
1749044749276 0.995 61
1749044818425 0.995 62
1749044884582 0.995 63
1749044949223 0.995 64
1749045013332 0.995 65
1749045077469 0.995 66
1749045142985 0.995 67
1749045207637 0.995 68
1749045271615 0.995 69
1749045336052 0.995 70
1749045399442 0.995 71
1749045463699 0.995 72
1749045526715 0.995 73
1749045591328 0.995 74
1749045654303 0.995 75
1749045718971 0.995 76
1749045782939 0.995 77
1749045845736 0.995 78
1749045908271 0.995 79
1749045970941 0.995 80
1749046033487 0.995 81
1749046096301 0.995 82
1749046159660 0.995 83
1749046223389 0.995 84
1749046286876 0.995 85
1749046350129 0.995 86
1749046413540 0.995 87
1749046477157 0.995 88
1749046540527 0.995 89
1749046603869 0.995 90
1749046666924 0.995 91
1749046730555 0.995 92
1749046793831 0.995 93
1749046857465 0.995 94
1749046921086 0.995 95
