1749040782780 0.34158 0
1749040846859 0.45563 1
1749040911355 0.65948 2
1749040975806 0.73991 3
1749041040346 0.78786 4
1749041104920 0.90796 5
1749041170487 0.80615 6
1749041236332 0.8623 7
1749041301130 0.79176 8
1749041365628 0.90006 9
1749041430103 0.96954 10
1749041495699 0.91588 11
1749041560711 0.91655 12
1749041625582 0.90178 13
1749041691644 0.9485 14
1749041759442 0.89844 15
1749041824346 0.92947 16
1749041888841 0.98512 17
1749041954977 0.94081 18
1749042020750 0.93656 19
1749042085521 0.95115 20
1749042151642 0.91352 21
1749042216109 0.97257 22
1749042280161 0.9748 23
1749042344595 0.97346 24
1749042409151 0.94529 25
1749042474612 0.95908 26
1749042539114 0.97539 27
1749042604601 0.98339 28
1749042669343 0.96066 29
1749042733630 0.9638 30
1749042798816 0.97087 31
1749042865336 0.98914 32
1749042930396 0.98917 33
1749042996473 0.93133 34
1749043064320 0.99139 35
1749043129031 0.97069 36
1749043193431 0.96911 37
1749043258151 0.97711 38
1749043322161 0.98586 39
1749043385880 0.98957 40
1749043450267 0.98678 41
1749043515210 0.96715 42
1749043579682 0.9832 43
1749043644001 0.98862 44
1749043709127 0.98677 45
1749043774262 0.97932 46
1749043839703 0.97977 47
1749043903710 0.9815 48
1749043969544 0.98541 49
1749044032524 0.98378 50
1749044095725 0.97812 51
1749044158733 0.9831 52
1749044222123 0.97594 53
1749044285922 0.98634 54
1749044350551 0.98793 55
1749044415321 0.98912 56
1749044481804 0.98785 57
1749044548466 0.99041 58
1749044614943 0.98742 59
1749044681967 0.98746 60
1749044749276 0.97487 61
1749044818425 0.98267 62
1749044884582 0.9864 63
1749044949223 0.97877 64
1749045013332 0.98063 65
1749045077469 0.98294 66
1749045142985 0.98489 67
1749045207637 0.98541 68
1749045271615 0.995 69
1749045336052 0.995 70
1749045399442 0.99256 71
1749045463699 0.98847 72
1749045526715 0.9907 73
1749045591328 0.99268 74
1749045654303 0.99076 75
1749045718971 0.995 76
1749045782939 0.995 77
1749045845736 0.995 78
1749045908271 0.99378 79
1749045970941 0.995 80
1749046033487 0.995 81
1749046096301 0.9923 82
1749046159660 0.9935 83
1749046223389 0.99058 84
1749046286876 0.9937 85
1749046350129 0.995 86
1749046413540 0.9916 87
1749046477157 0.99185 88
1749046540527 0.995 89
1749046603869 0.9916 90
1749046666924 0.99112 91
1749046730555 0.99112 92
1749046793831 0.9911 93
1749046857465 0.99107 94
1749046921086 0.99129 95
