1749040782780 0.00332 0
1749040846859 0.00339 1
1749040911355 0.70945 2
1749040975806 0.69659 3
1749041040346 0.63991 4
1749041104920 0.84675 5
1749041170487 0.82216 6
1749041236332 0.81044 7
1749041301130 0.79946 8
1749041365628 0.90114 9
1749041430103 0.89948 10
1749041495699 0.98599 11
1749041560711 0.93003 12
1749041625582 0.89958 13
1749041691644 0.98358 14
1749041759442 0.9571 15
1749041824346 0.9634 16
1749041888841 0.98313 17
1749041954977 0.99015 18
1749042020750 0.97346 19
1749042085521 0.96159 20
1749042151642 0.86855 21
1749042216109 0.95433 22
1749042280161 0.98876 23
1749042344595 0.98373 24
1749042409151 0.98462 25
1749042474612 0.94619 26
1749042539114 0.97844 27
1749042604601 0.99067 28
1749042669343 0.98289 29
1749042733630 0.97859 30
1749042798816 0.98765 31
1749042865336 0.98788 32
1749042930396 0.98967 33
1749042996473 0.95533 34
1749043064320 0.98687 35
1749043129031 0.9678 36
1749043193431 0.98111 37
1749043258151 0.9928 38
1749043322161 0.99383 39
1749043385880 0.98835 40
1749043450267 0.96435 41
1749043515210 0.98572 42
1749043579682 0.98857 43
1749043644001 0.98702 44
1749043709127 0.97901 45
1749043774262 0.96804 46
1749043839703 0.99295 47
1749043903710 0.99416 48
1749043969544 0.99332 49
1749044032524 0.96904 50
1749044095725 0.98857 51
1749044158733 0.96764 52
1749044222123 0.97893 53
1749044285922 0.93926 54
1749044350551 0.97627 55
1749044415321 0.97336 56
1749044481804 0.98732 57
1749044548466 0.93963 58
1749044614943 0.95105 59
1749044681967 0.98124 60
1749044749276 0.97671 61
1749044818425 0.99411 62
1749044884582 0.98846 63
1749044949223 0.98822 64
1749045013332 0.98731 65
1749045077469 0.99221 66
1749045142985 0.99458 67
1749045207637 0.98314 68
1749045271615 0.98489 69
1749045336052 0.99479 70
1749045399442 0.98376 71
1749045463699 0.99345 72
1749045526715 0.99064 73
1749045591328 0.98302 74
1749045654303 0.95735 75
1749045718971 0.98135 76
1749045782939 0.99194 77
1749045845736 0.98651 78
1749045908271 0.95471 79
1749045970941 0.97639 80
1749046033487 0.99215 81
1749046096301 0.99241 82
1749046159660 0.99105 83
1749046223389 0.99089 84
1749046286876 0.99246 85
1749046350129 0.99416 86
1749046413540 0.99251 87
1749046477157 0.99001 88
1749046540527 0.99263 89
1749046603869 0.99438 90
1749046666924 0.99519 91
1749046730555 0.99352 92
1749046793831 0.99195 93
1749046857465 0.99369 94
1749046921086 0.99524 95
