1749040782780 1.0 0
1749040846859 1.0 1
1749040911355 0.55519 2
1749040975806 0.75846 3
1749041040346 0.75958 4
1749041104920 0.93529 5
1749041170487 0.87496 6
1749041236332 0.9821 7
1749041301130 0.89705 8
1749041365628 0.90066 9
1749041430103 0.93526 10
1749041495699 0.92396 11
1749041560711 0.96506 12
1749041625582 0.99569 13
1749041691644 0.97787 14
1749041759442 0.97076 15
1749041824346 1.0 16
1749041888841 0.9893 17
1749041954977 0.9795 18
1749042020750 0.98066 19
1749042085521 1.0 20
1749042151642 0.85144 21
1749042216109 0.96473 22
1749042280161 1.0 23
1749042344595 0.95785 24
1749042409151 0.9948 25
1749042474612 0.98143 26
1749042539114 0.94238 27
1749042604601 0.9824 28
1749042669343 0.96019 29
1749042733630 0.96459 30
1749042798816 0.99899 31
1749042865336 0.99792 32
1749042930396 0.97917 33
1749042996473 1.0 34
1749043064320 0.97305 35
1749043129031 0.99724 36
1749043193431 0.99613 37
1749043258151 1.0 38
1749043322161 1.0 39
1749043385880 1.0 40
1749043450267 0.98085 41
1749043515210 1.0 42
1749043579682 0.99578 43
1749043644001 1.0 44
1749043709127 1.0 45
1749043774262 1.0 46
1749043839703 0.99982 47
1749043903710 1.0 48
1749043969544 1.0 49
1749044032524 0.97556 50
1749044095725 1.0 51
1749044158733 1.0 52
1749044222123 0.96304 53
1749044285922 0.95085 54
1749044350551 1.0 55
1749044415321 1.0 56
1749044481804 0.95776 57
1749044548466 0.94124 58
1749044614943 0.99326 59
1749044681967 1.0 60
1749044749276 1.0 61
1749044818425 1.0 62
1749044884582 1.0 63
1749044949223 1.0 64
1749045013332 1.0 65
1749045077469 1.0 66
1749045142985 0.98784 67
1749045207637 0.98723 68
1749045271615 1.0 69
1749045336052 1.0 70
1749045399442 0.99596 71
1749045463699 1.0 72
1749045526715 1.0 73
1749045591328 1.0 74
1749045654303 0.99714 75
1749045718971 0.99976 76
1749045782939 1.0 77
1749045845736 0.99954 78
1749045908271 0.99277 79
1749045970941 1.0 80
1749046033487 1.0 81
1749046096301 1.0 82
1749046159660 1.0 83
1749046223389 1.0 84
1749046286876 1.0 85
1749046350129 1.0 86
1749046413540 1.0 87
1749046477157 1.0 88
1749046540527 1.0 89
1749046603869 1.0 90
1749046666924 1.0 91
1749046730555 1.0 92
1749046793831 1.0 93
1749046857465 1.0 94
1749046921086 1.0 95
