1749029832748 0.000125 0
1749029897546 0.00026247150255901276 1
1749029960255 0.00039982632035957393 2
1749030024353 0.0005369749864324471 3
1749030089040 0.0006738281765967407 4
1749030154337 0.0008102967747934275 5
1749030220504 0.0009462919382931332 6
1749030287032 0.0010817251627381387 7
1749030353672 0.0012165083469786277 8
1749030420127 0.0012390402363883762 9
1749030486595 0.0012364788279540424 10
1749030553422 0.001233651946152768 11
1749030620048 0.0012305608309483406 12
1749030686423 0.001227206838206051 13
1749030752472 0.0012235914390979665 14
1749030818775 0.0012197162194576264 15
1749030885378 0.0012155828790844415 16
1749030951954 0.001211193230998108 17
1749031017998 0.0012065492006433556 18
1749031084412 0.0012016528250453848 19
1749031149371 0.0011965062519163593 20
1749031214997 0.0011911117387133497 21
1749031280257 0.0011854716516481367 22
1749031345771 0.0011795884646493141 23
1749031412399 0.0011734647582771407 24
1749031479257 0.0011671032185916214 25
1749031546265 0.0011605066359743135 26
1749031612954 0.0011536779039043718 27
1749031680590 0.001146620017689374 28
1749031749779 0.0011393360731514794 29
1749031819195 0.0011318292652694989 30
1749031885790 0.0011241028867774714 31
1749031950100 0.0011161603267203636 32
1749032014862 0.0011080050689675196 33
1749032079380 0.0010996406906845241 34
1749032143871 0.001091070860764138 35
1749032208173 0.0010822993382169986 36
1749032272724 0.0010733299705227971 37
1749032337052 0.001064166691942645 38
1749032402054 0.0010548135217933762 39
1749032467320 0.0010452745626845436 40
1749032532241 0.0010355539987188778 41
1749032596861 0.0010256560936570019 42
1749032661409 0.0010155851890472046 43
1749032726219 0.0010053457023210947 44
1749032791375 0.0009949421248559678 45
1749032855383 0.0009843790200047423 46
1749032919700 0.0009736610210943192 47
1749032984097 0.0009627928293932542 48
1749033049387 0.0009517792120496243 49
1749033113786 0.000940625 50
1749033178613 0.0009293350858504363 51
1749033243444 0.0009179144217304144 52
1749033308044 0.000906368017120674 53
1749033375410 0.0008947009366558886 54
1749033441619 0.0008829182979031514 55
1749033505883 0.0008710252691172388 56
1749033570381 0.0008590270669736447 57
1749033634960 0.0008469289542803732 58
1749033699166 0.0008347362376694983 59
1749033766225 0.0008224542652694989 60
1749033830197 0.0008100884243593917 61
1749033893390 0.0007976441390056958 62
1749033958034 0.0007851268676832539 63
1749034022481 0.0007725421008809683 64
1749034086670 0.0007598953586934887 65
1749034150948 0.0007471921883999172 66
1749034215287 0.0007344381620305883 67
1749034279485 0.0007216388739229922 68
1749034343697 0.0007087999382679133 69
1749034408354 0.0006959269866468607 70
1749034472246 0.0006830256655618702 71
1749034537011 0.0006701016339587628 72
1749034601527 0.0006571605607449424 73
1749034665695 0.0006442081223028273 74
1749034729709 0.0006312500000000002 75
1749034793541 0.000618291877697173 76
1749034857575 0.0006053394392550578 77
1749034921167 0.0005923983660412374 78
1749034984863 0.0005794743344381298 79
1749035048396 0.0005665730133531396 80
1749035112326 0.0005537000617320867 81
1749035177443 0.000540861126077008 82
1749035241864 0.0005280618379694116 83
1749035306649 0.0005153078116000829 84
1749035371402 0.0005026046413065114 85
1749035436644 0.0004899578991190319 86
1749035500964 0.0004773731323167463 87
1749035565477 0.00046485586099430463 88
1749035629628 0.00045241157564060805 89
1749035694856 0.00044004573473050134 90
1749035759468 0.0004277637623305017 91
1749035823352 0.000415571045719627 92
1749035889351 0.0004034729330263556 93
1749035954228 0.0003914747308827614 94
