1749871708035 0.3105 0
1749871771798 0.41062 1
1749871834399 0.68532 2
1749871898411 0.71769 3
1749871963494 0.76235 4
1749872028783 0.88839 5
1749872094517 0.7846 6
1749872162619 0.79092 7
1749872229423 0.79622 8
1749872295291 0.79727 9
1749872362184 0.88771 10
1749872427597 0.89543 11
1749872492593 0.92114 12
1749872558871 0.90284 13
1749872624831 0.861 14
1749872691768 0.88478 15
1749872758425 0.92657 16
1749872824420 0.91241 17
1749872889125 0.90336 18
1749872953853 0.9383 19
1749873017942 0.89356 20
1749873083022 0.90271 21
1749873148740 0.9219 22
1749873214860 0.91015 23
1749873281884 0.91092 24
1749873348444 0.94721 25
1749873413312 0.92803 26
1749873477860 0.94702 27
1749873542163 0.91648 28
1749873608577 0.90859 29
1749873672679 0.92644 30
1749873737986 0.95313 31
1749873802577 0.9251 32
1749873867294 0.92875 33
1749873932647 0.93156 34
1749873996673 0.95663 35
1749874061137 0.96529 36
1749874125241 0.95463 37
1749874190003 0.95079 38
1749874256798 0.92803 39
1749874320644 0.95456 40
1749874384439 0.95678 41
1749874448584 0.94822 42
1749874512324 0.968 43
1749874576306 0.95765 44
1749874640619 0.94956 45
1749874705164 0.95622 46
1749874769212 0.94915 47
1749874832889 0.95517 48
1749874895948 0.96675 49
1749874958987 0.95746 50
1749875022320 0.96869 51
1749875085600 0.96195 52
1749875148866 0.94795 53
1749875212048 0.95299 54
1749875275497 0.97161 55
1749875338569 0.97501 56
1749875402685 0.96523 57
1749875466003 0.96973 58
1749875529938 0.9735 59
1749875593675 0.9678 60
1749875657523 0.96257 61
1749875721400 0.95912 62
1749875785495 0.97279 63
1749875848994 0.96581 64
1749875912307 0.96669 65
1749875976179 0.97338 66
1749876040168 0.96836 67
1749876104925 0.96232 68
1749876168453 0.96644 69
1749876232417 0.96051 70
1749876296786 0.97077 71
1749876360363 0.9804 72
1749876424611 0.96272 73
1749876488519 0.96251 74
1749876553051 0.97079 75
1749876617799 0.97504 76
1749876682980 0.9683 77
1749876747798 0.98043 78
1749876813493 0.971 79
1749876877744 0.97296 80
1749876942943 0.98283 81
1749877006497 0.98091 82
1749877070684 0.97808 83
1749877135031 0.97745 84
1749877199303 0.97308 85
1749877263886 0.97804 86
1749877329508 0.97539 87
1749877394295 0.97533 88
1749877458864 0.97875 89
1749877523907 0.9823 90
1749877587788 0.98428 91
1749877652375 0.97579 92
1749877715098 0.9792 93
1749877778409 0.98806 94
1749877842212 0.97836 95
1749877906812 0.9763 96
1749877971182 0.98439 97
1749878036855 0.98159 98
1749878100714 0.98518 99
1749878163912 0.98012 100
1749878228102 0.97979 101
1749878291329 0.97771 102
