1749871708035 0.34584 0
1749871771798 0.45186 1
1749871834399 0.75719 2
1749871898411 0.81875 3
1749871963494 0.88508 4
1749872028783 0.96284 5
1749872094517 0.94384 6
1749872162619 0.90698 7
1749872229423 0.96483 8
1749872295291 0.97695 9
1749872362184 0.995 10
1749872427597 0.99313 11
1749872492593 0.995 12
1749872558871 0.995 13
1749872624831 0.99192 14
1749872691768 0.99273 15
1749872758425 0.995 16
1749872824420 0.98839 17
1749872889125 0.99346 18
1749872953853 0.995 19
1749873017942 0.98357 20
1749873083022 0.995 21
1749873148740 0.99346 22
1749873214860 0.995 23
1749873281884 0.97038 24
1749873348444 0.995 25
1749873413312 0.995 26
1749873477860 0.98929 27
1749873542163 0.99346 28
1749873608577 0.9886 29
1749873672679 0.99346 30
1749873737986 0.995 31
1749873802577 0.99214 32
1749873867294 0.99346 33
1749873932647 0.995 34
1749873996673 0.995 35
1749874061137 0.995 36
1749874125241 0.995 37
1749874190003 0.995 38
1749874256798 0.995 39
1749874320644 0.995 40
1749874384439 0.995 41
1749874448584 0.995 42
1749874512324 0.995 43
1749874576306 0.99273 44
1749874640619 0.98313 45
1749874705164 0.995 46
1749874769212 0.99192 47
1749874832889 0.99346 48
1749874895948 0.995 49
1749874958987 0.995 50
1749875022320 0.995 51
1749875085600 0.99346 52
1749875148866 0.98724 53
1749875212048 0.98929 54
1749875275497 0.995 55
1749875338569 0.995 56
1749875402685 0.995 57
1749875466003 0.995 58
1749875529938 0.995 59
1749875593675 0.995 60
1749875657523 0.995 61
1749875721400 0.995 62
1749875785495 0.995 63
1749875848994 0.995 64
1749875912307 0.99019 65
1749875976179 0.99346 66
1749876040168 0.995 67
1749876104925 0.995 68
1749876168453 0.995 69
1749876232417 0.995 70
1749876296786 0.995 71
1749876360363 0.995 72
1749876424611 0.995 73
1749876488519 0.995 74
1749876553051 0.995 75
1749876617799 0.995 76
1749876682980 0.995 77
1749876747798 0.995 78
1749876813493 0.995 79
1749876877744 0.995 80
1749876942943 0.995 81
1749877006497 0.995 82
1749877070684 0.995 83
1749877135031 0.995 84
1749877199303 0.995 85
1749877263886 0.995 86
1749877329508 0.995 87
1749877394295 0.995 88
1749877458864 0.995 89
1749877523907 0.995 90
1749877587788 0.995 91
1749877652375 0.995 92
1749877715098 0.995 93
1749877778409 0.995 94
1749877842212 0.995 95
1749877906812 0.995 96
1749877971182 0.995 97
1749878036855 0.995 98
1749878100714 0.995 99
1749878163912 0.995 100
1749878228102 0.995 101
1749878291329 0.995 102
