1749871708035 0.32653 0
1749871771798 0.43611 1
1749871834399 0.71421 2
1749871898411 0.77822 3
1749871963494 0.79942 4
1749872028783 0.92455 5
1749872094517 0.85281 6
1749872162619 0.84034 7
1749872229423 0.8378 8
1749872295291 0.86054 9
1749872362184 0.97089 10
1749872427597 0.95887 11
1749872492593 0.96954 12
1749872558871 0.96728 13
1749872624831 0.90581 14
1749872691768 0.95229 15
1749872758425 0.97249 16
1749872824420 0.96058 17
1749872889125 0.95719 18
1749872953853 0.97633 19
1749873017942 0.92344 20
1749873083022 0.93805 21
1749873148740 0.95641 22
1749873214860 0.94002 23
1749873281884 0.9435 24
1749873348444 0.98044 25
1749873413312 0.98807 26
1749873477860 0.97058 27
1749873542163 0.94644 28
1749873608577 0.93474 29
1749873672679 0.9544 30
1749873737986 0.97897 31
1749873802577 0.97075 32
1749873867294 0.97764 33
1749873932647 0.9589 34
1749873996673 0.97707 35
1749874061137 0.98105 36
1749874125241 0.97668 37
1749874190003 0.97775 38
1749874256798 0.9815 39
1749874320644 0.98437 40
1749874384439 0.98806 41
1749874448584 0.97961 42
1749874512324 0.98309 43
1749874576306 0.97386 44
1749874640619 0.98157 45
1749874705164 0.99176 46
1749874769212 0.98201 47
1749874832889 0.97566 48
1749874895948 0.9843 49
1749874958987 0.97258 50
1749875022320 0.995 51
1749875085600 0.99055 52
1749875148866 0.97642 53
1749875212048 0.98726 54
1749875275497 0.9904 55
1749875338569 0.99059 56
1749875402685 0.98634 57
1749875466003 0.98962 58
1749875529938 0.9852 59
1749875593675 0.98426 60
1749875657523 0.98168 61
1749875721400 0.9848 62
1749875785495 0.98193 63
1749875848994 0.97603 64
1749875912307 0.98123 65
1749875976179 0.986 66
1749876040168 0.9906 67
1749876104925 0.99128 68
1749876168453 0.99359 69
1749876232417 0.98867 70
1749876296786 0.99031 71
1749876360363 0.99304 72
1749876424611 0.99239 73
1749876488519 0.99238 74
1749876553051 0.99052 75
1749876617799 0.99252 76
1749876682980 0.99012 77
1749876747798 0.99254 78
1749876813493 0.98906 79
1749876877744 0.995 80
1749876942943 0.99343 81
1749877006497 0.995 82
1749877070684 0.99208 83
1749877135031 0.99107 84
1749877199303 0.99135 85
1749877263886 0.995 86
1749877329508 0.99207 87
1749877394295 0.995 88
1749877458864 0.98915 89
1749877523907 0.995 90
1749877587788 0.995 91
1749877652375 0.995 92
1749877715098 0.98609 93
1749877778409 0.98969 94
1749877842212 0.99182 95
1749877906812 0.995 96
1749877971182 0.99327 97
1749878036855 0.98477 98
1749878100714 0.995 99
1749878163912 0.995 100
1749878228102 0.995 101
1749878291329 0.98746 102
