1749871708035 0.00333 0
1749871771798 0.00334 1
1749871834399 0.80339 2
1749871898411 0.71545 3
1749871963494 0.85535 4
1749872028783 0.89276 5
1749872094517 0.88077 6
1749872162619 0.88747 7
1749872229423 0.91136 8
1749872295291 0.86728 9
1749872362184 0.98437 10
1749872427597 0.95749 11
1749872492593 0.97963 12
1749872558871 0.99041 13
1749872624831 0.97609 14
1749872691768 0.93637 15
1749872758425 0.98434 16
1749872824420 0.81614 17
1749872889125 0.99123 18
1749872953853 0.9394 19
1749873017942 0.97492 20
1749873083022 0.98915 21
1749873148740 0.98942 22
1749873214860 0.97084 23
1749873281884 0.96577 24
1749873348444 0.98894 25
1749873413312 0.92068 26
1749873477860 0.93581 27
1749873542163 0.98652 28
1749873608577 0.95749 29
1749873672679 0.9839 30
1749873737986 0.99128 31
1749873802577 0.98475 32
1749873867294 0.9545 33
1749873932647 0.97773 34
1749873996673 0.98167 35
1749874061137 0.98181 36
1749874125241 0.97823 37
1749874190003 0.98949 38
1749874256798 0.98638 39
1749874320644 0.98988 40
1749874384439 0.97279 41
1749874448584 0.99082 42
1749874512324 0.99043 43
1749874576306 0.95135 44
1749874640619 0.94921 45
1749874705164 0.99416 46
1749874769212 0.95857 47
1749874832889 0.9652 48
1749874895948 0.98407 49
1749874958987 0.97226 50
1749875022320 0.97401 51
1749875085600 0.9858 52
1749875148866 0.93677 53
1749875212048 0.98852 54
1749875275497 0.9778 55
1749875338569 0.96208 56
1749875402685 0.98758 57
1749875466003 0.98975 58
1749875529938 0.9877 59
1749875593675 0.99079 60
1749875657523 0.99307 61
1749875721400 0.98718 62
1749875785495 0.99446 63
1749875848994 0.98911 64
1749875912307 0.97623 65
1749875976179 0.98383 66
1749876040168 0.97357 67
1749876104925 0.99101 68
1749876168453 0.99085 69
1749876232417 0.98067 70
1749876296786 0.99359 71
1749876360363 0.98561 72
1749876424611 0.99433 73
1749876488519 0.9865 74
1749876553051 0.96636 75
1749876617799 0.96699 76
1749876682980 0.98803 77
1749876747798 0.97147 78
1749876813493 0.99461 79
1749876877744 0.99416 80
1749876942943 0.97714 81
1749877006497 0.97872 82
1749877070684 0.99467 83
1749877135031 0.99274 84
1749877199303 0.99194 85
1749877263886 0.98835 86
1749877329508 0.9803 87
1749877394295 0.97731 88
1749877458864 0.97647 89
1749877523907 0.97872 90
1749877587788 0.98762 91
1749877652375 0.99128 92
1749877715098 0.99333 93
1749877778409 0.99484 94
1749877842212 0.99433 95
1749877906812 0.9906 96
1749877971182 0.97683 97
1749878036855 0.98714 98
1749878100714 0.99355 99
1749878163912 0.99277 100
1749878228102 0.99344 101
1749878291329 0.9931 102
