1749871708035 1.0 0
1749871771798 1.0 1
1749871834399 0.49864 2
1749871898411 0.60522 3
1749871963494 0.70145 4
1749872028783 0.86707 5
1749872094517 0.80985 6
1749872162619 0.7353 7
1749872229423 0.84396 8
1749872295291 0.81937 9
1749872362184 0.98548 10
1749872427597 0.95644 11
1749872492593 0.99806 12
1749872558871 0.99618 13
1749872624831 0.94627 14
1749872691768 0.99468 15
1749872758425 0.95564 16
1749872824420 0.85626 17
1749872889125 0.963 18
1749872953853 0.94972 19
1749873017942 0.84497 20
1749873083022 0.99168 21
1749873148740 0.95585 22
1749873214860 0.9866 23
1749873281884 0.88307 24
1749873348444 0.9539 25
1749873413312 1.0 26
1749873477860 0.94874 27
1749873542163 0.97917 28
1749873608577 0.97102 29
1749873672679 0.97917 30
1749873737986 0.99641 31
1749873802577 0.95138 32
1749873867294 0.99879 33
1749873932647 0.99719 34
1749873996673 0.97813 35
1749874061137 0.99482 36
1749874125241 0.99558 37
1749874190003 0.99352 38
1749874256798 1.0 39
1749874320644 0.94421 40
1749874384439 0.95986 41
1749874448584 1.0 42
1749874512324 0.99678 43
1749874576306 0.99013 44
1749874640619 0.89195 45
1749874705164 1.0 46
1749874769212 0.99595 47
1749874832889 0.99726 48
1749874895948 0.99953 49
1749874958987 1.0 50
1749875022320 1.0 51
1749875085600 0.97917 52
1749875148866 0.9822 53
1749875212048 0.95768 54
1749875275497 0.94425 55
1749875338569 0.98462 56
1749875402685 1.0 57
1749875466003 1.0 58
1749875529938 1.0 59
1749875593675 1.0 60
1749875657523 1.0 61
1749875721400 0.99664 62
1749875785495 1.0 63
1749875848994 1.0 64
1749875912307 1.0 65
1749875976179 0.96467 66
1749876040168 0.95768 67
1749876104925 0.9498 68
1749876168453 0.94883 69
1749876232417 0.96066 70
1749876296786 0.96276 71
1749876360363 0.99729 72
1749876424611 1.0 73
1749876488519 1.0 74
1749876553051 1.0 75
1749876617799 0.99276 76
1749876682980 0.99815 77
1749876747798 0.99691 78
1749876813493 1.0 79
1749876877744 1.0 80
1749876942943 0.99672 81
1749877006497 0.99737 82
1749877070684 1.0 83
1749877135031 1.0 84
1749877199303 1.0 85
1749877263886 1.0 86
1749877329508 1.0 87
1749877394295 0.99828 88
1749877458864 0.9965 89
1749877523907 1.0 90
1749877587788 1.0 91
1749877652375 1.0 92
1749877715098 1.0 93
1749877778409 1.0 94
1749877842212 1.0 95
1749877906812 1.0 96
1749877971182 0.99897 97
1749878036855 1.0 98
1749878100714 1.0 99
1749878163912 1.0 100
1749878228102 1.0 101
1749878291329 1.0 102
