1749040746974 0.000125 0
1749040811893 0.00026247150255901276 1
1749040875795 0.00039982632035957393 2
1749040939433 0.0005369749864324471 3
1749041002814 0.0006738281765967407 4
1749041067469 0.0008102967747934275 5
1749041132625 0.0009462919382931332 6
1749041198491 0.0010817251627381387 7
1749041263648 0.0012165083469786277 8
1749041328304 0.0012390402363883762 9
1749041392773 0.0012364788279540424 10
1749041458409 0.001233651946152768 11
1749041523210 0.0012305608309483406 12
1749041588395 0.001227206838206051 13
1749041652632 0.0012235914390979665 14
1749041721051 0.0012197162194576264 15
1749041786735 0.0012155828790844415 16
1749041851704 0.001211193230998108 17
1749041917943 0.0012065492006433556 18
1749041983587 0.0012016528250453848 19
1749042048406 0.0011965062519163593 20
1749042114165 0.0011911117387133497 21
1749042179025 0.0011854716516481367 22
1749042243206 0.0011795884646493141 23
1749042307215 0.0011734647582771407 24
1749042371801 0.0011671032185916214 25
1749042436758 0.0011605066359743135 26
1749042501940 0.0011536779039043718 27
1749042567382 0.001146620017689374 28
1749042632015 0.0011393360731514794 29
1749042696539 0.0011318292652694989 30
1749042761907 0.0011241028867774714 31
1749042828175 0.0011161603267203636 32
1749042893462 0.0011080050689675196 33
1749042959548 0.0010996406906845241 34
1749043026254 0.001091070860764138 35
1749043092165 0.0010822993382169986 36
1749043156676 0.0010733299705227971 37
1749043221398 0.001064166691942645 38
1749043285588 0.0010548135217933762 39
1749043349263 0.0010452745626845436 40
1749043413444 0.0010355539987188778 41
1749043478489 0.0010256560936570019 42
1749043542939 0.0010155851890472046 43
1749043606887 0.0010053457023210947 44
1749043672749 0.0009949421248559678 45
1749043738072 0.0009843790200047423 46
1749043803148 0.0009736610210943192 47
1749043867207 0.0009627928293932542 48
1749043933358 0.0009517792120496243 49
1749043996466 0.000940625 50
1749044059476 0.0009293350858504363 51
1749044122700 0.0009179144217304144 52
1749044185807 0.000906368017120674 53
1749044249734 0.0008947009366558886 54
1749044314470 0.0008829182979031514 55
1749044378916 0.0008710252691172388 56
1749044445197 0.0008590270669736447 57
1749044511771 0.0008469289542803732 58
1749044578482 0.0008347362376694983 59
1749044645202 0.0008224542652694989 60
1749044712407 0.0008100884243593917 61
1749044779989 0.0007976441390056958 62
1749044848550 0.0007851268676832539 63
1749044913159 0.0007725421008809683 64
1749044977472 0.0007598953586934887 65
1749045041413 0.0007471921883999172 66
1749045107167 0.0007344381620305883 67
1749045171807 0.0007216388739229922 68
1749045235930 0.0007087999382679133 69
1749045300109 0.0006959269866468607 70
1749045363274 0.0006830256655618702 71
1749045428082 0.0006701016339587628 72
1749045490858 0.0006571605607449424 73
1749045555519 0.0006442081223028273 74
1749045618391 0.0006312500000000002 75
1749045683073 0.000618291877697173 76
1749045747054 0.0006053394392550578 77
1749045809856 0.0005923983660412374 78
1749045872461 0.0005794743344381298 79
1749045935051 0.0005665730133531396 80
1749045997683 0.0005537000617320867 81
1749046060406 0.000540861126077008 82
1749046123767 0.0005280618379694116 83
1749046187325 0.0005153078116000829 84
1749046251086 0.0005026046413065114 85
1749046314328 0.0004899578991190319 86
1749046377865 0.0004773731323167463 87
1749046441433 0.00046485586099430463 88
1749046504612 0.00045241157564060805 89
1749046567753 0.00044004573473050134 90
1749046631016 0.0004277637623305017 91
1749046694586 0.000415571045719627 92
1749046758030 0.0004034729330263556 93
1749046821706 0.0003914747308827614 94
1749046885249 0.0003795817020968487 95
1749046948987 0.00036779906334411124 96
